Timestamp; robot ID; x coordinate; y coordinate; angle; current joint x; current joint y; previous joint x; previous joint y; it entry; age 

8866; 1; 9.20774; 5.44449; 38.4629; 9.20902; 5.78637; 8.76361; 5.25733; 2456; 6410
8866; 2; 9.00287; 6.16682; 45.5417; 8.75986; 6.42681; 8.7574; 5.90682; 1826; 7040
8866; 3; 9.90675; 5.51189; 44.9856; 9.58855; 5.46145; 0; 0; 2693; 6173
8866; 4; 9.98985; 6.43385; 55.5439; 10.0871; 5.97292; 0; 0; 4383; 4483
8866; 5; 12.1609; 7.10774; 64.6607; 11.9861; 6.91657; 11.8569; 7.40822; 5954; 2912
8866; 6; 10.4743; 6.79079; 61.347; 10.3125; 6.37325; 0; 0; 4641; 4225
8866; 7; 11.493; 7.68462; 61.768; 11.6816; 7.21714; 0; 0; 5869; 2997
8866; 8; 11.5652; 6.78891; 63.6392; 11.1693; 6.48544; 0; 0; 5538; 3328
8866; 9; 10.7632; 6.19334; 57.2938; 10.7253; 6.45065; 10.351; 6.11595; 5425; 3441
8866; 10; 12.8957; 6.68433; 65.1573; 12.4728; 6.86466; 0; 0; 6488; 2378
8866; 11; 13.4411; 6.85319; 74.9085; 13.1427; 6.7352; 0; 0; 7103; 1763
8866; 12; 14.0369; 6.47931; 73.1109; 13.7685; 6.50673; 0; 0; 7671; 1195
8866; 13; 14.4347; 6.18577; 76.2704; 14.0666; 6.13507; 14.405; 6.52992; 8212; 654
8866; 14; 14.7414; 5.47367; 77.2178; 14.4685; 5.85865; 0; 0; 8658; 208
8875; 1; 9.20761; 5.4443; 38.4628; 9.19928; 5.7687; 8.76361; 5.25733; 2456; 6419
8875; 2; 9.00287; 6.16682; 45.5417; 8.75986; 6.42681; 8.7574; 5.90682; 1826; 7049
8875; 3; 9.90497; 5.5111; 44.99; 9.58331; 5.46146; 0; 0; 2693; 6182
8875; 4; 9.98751; 6.43356; 55.5404; 10.0849; 5.97121; 0; 0; 4383; 4492
8875; 5; 12.1648; 7.09798; 64.6609; 11.9869; 6.90454; 11.8536; 7.39727; 5954; 2921
8875; 6; 10.4822; 6.79059; 61.3041; 10.3063; 6.37724; 0; 0; 4641; 4234
8875; 7; 11.5246; 7.6881; 61.6498; 11.6824; 7.20511; 0; 0; 5869; 3006
8875; 8; 11.5649; 6.78351; 63.6159; 11.1704; 6.47603; 0; 0; 5538; 3337
8875; 9; 10.7601; 6.19261; 57.2935; 10.7247; 6.46116; 10.3447; 6.11994; 5425; 3450
8875; 10; 12.8984; 6.67341; 65.1511; 12.4767; 6.85487; 0; 0; 6488; 2387
8875; 11; 13.4481; 6.85197; 74.9551; 13.1443; 6.72318; 0; 0; 7103; 1772
8875; 12; 14.0404; 6.49629; 73.1557; 13.7809; 6.51632; 0; 0; 7671; 1204
8875; 13; 14.4381; 6.20275; 76.3152; 14.0793; 6.14456; 14.3995; 6.55432; 8212; 663
8875; 14; 14.7592; 5.48474; 77.2386; 14.4854; 5.86559; 0; 0; 8658; 217
8903; 1; 9.20771; 5.44444; 38.4629; 9.19928; 5.7687; 8.76361; 5.25733; 2456; 6447
8903; 2; 9.00287; 6.16682; 45.5417; 8.75986; 6.42681; 8.7574; 5.90682; 1826; 7077
8903; 3; 9.90311; 5.5137; 45.0012; 9.58342; 5.46167; 0; 0; 2693; 6210
8903; 4; 9.98591; 6.43968; 55.5292; 10.08; 5.97684; 0; 0; 4383; 4520
8903; 5; 12.1647; 7.09968; 64.6607; 11.9899; 6.90853; 11.8563; 7.40109; 5954; 2949
8903; 6; 10.5156; 6.79418; 61.1599; 10.3015; 6.38286; 0; 0; 4641; 4262
8903; 7; 11.5378; 7.69488; 61.595; 11.6855; 7.2091; 0; 0; 5869; 3034
8903; 8; 11.563; 6.78684; 63.6066; 11.1609; 6.47782; 0; 0; 5538; 3365
8903; 9; 10.7561; 6.19717; 57.2937; 10.718; 6.46888; 10.3399; 6.12556; 5425; 3478
8903; 10; 12.9012; 6.67796; 65.1668; 12.4765; 6.8566; 0; 0; 6488; 2415
8903; 11; 13.4519; 6.8553; 74.9379; 13.1501; 6.73053; 0; 0; 7103; 1800
8903; 12; 14.0354; 6.50076; 73.1886; 13.7828; 6.51563; 0; 0; 7671; 1232
8903; 13; 14.4332; 6.20722; 76.3481; 14.0811; 6.14388; 14.3877; 6.56396; 8212; 691
8903; 14; 14.7929; 5.49518; 77.3683; 14.4873; 5.86497; 0; 0; 8658; 245
8928; 1; 9.20775; 5.44452; 38.463; 9.20902; 5.78645; 8.76361; 5.25733; 2456; 6472
8928; 2; 9.00287; 6.16682; 45.5417; 8.75986; 6.42681; 8.7574; 5.90682; 1826; 7102
8928; 3; 9.90011; 5.51624; 45.0158; 9.58862; 5.46162; 0; 0; 2693; 6235
8928; 4; 9.98181; 6.44566; 55.5201; 10.0738; 5.98143; 0; 0; 4383; 4545
8928; 5; 12.1563; 7.10723; 64.6607; 11.9815; 6.91607; 11.8523; 7.40772; 5954; 2974
8928; 6; 10.4725; 6.80008; 61.3027; 10.2992; 6.3818; 0; 0; 4641; 4287
8928; 7; 11.5299; 7.70261; 61.5932; 11.6771; 7.21664; 0; 0; 5869; 3059
8928; 8; 11.5558; 6.79308; 63.6135; 11.1561; 6.49402; 0; 0; 5538; 3390
8928; 9; 10.7499; 6.20189; 57.2938; 10.712; 6.4592; 10.3377; 6.1245; 5425; 3503
8928; 10; 12.8927; 6.68636; 65.1671; 12.468; 6.86494; 0; 0; 6488; 2440
8928; 11; 13.4431; 6.86303; 74.9348; 13.1416; 6.73898; 0; 0; 7103; 1825
8928; 12; 14.0389; 6.49791; 73.1269; 13.7736; 6.52264; 0; 0; 7671; 1257
8928; 13; 14.4366; 6.20437; 76.2864; 14.0721; 6.15093; 14.4038; 6.55123; 8212; 716
8933; 1; 9.2077; 5.44448; 38.463; 9.19928; 5.7687; 8.76361; 5.25733; 2456; 6477
8933; 2; 9.00287; 6.16682; 45.5417; 8.75986; 6.42681; 8.7574; 5.90682; 1826; 7107
8933; 3; 9.89957; 5.51605; 45.0165; 9.58339; 5.46174; 0; 0; 2693; 6240
8933; 4; 9.98181; 6.44598; 55.5161; 10.073; 5.98151; 0; 0; 4383; 4550
8933; 5; 12.1539; 7.10835; 64.6607; 11.9794; 6.91735; 11.8457; 7.40991; 5954; 2979
8933; 6; 10.4641; 6.79947; 61.3311; 10.2945; 6.38756; 0; 0; 4641; 4292
8933; 7; 11.5292; 7.7043; 61.5863; 11.6749; 7.21791; 0; 0; 5869; 3064
8933; 8; 11.5541; 6.79353; 63.6171; 11.1539; 6.48276; 0; 0; 5538; 3395
8933; 9; 10.749; 6.20172; 57.2941; 10.7109; 6.47372; 10.3329; 6.13026; 5425; 3508
8933; 10; 12.8912; 6.6884; 65.1717; 12.4656; 6.86607; 0; 0; 6488; 2445
8933; 11; 13.4426; 6.86658; 74.9374; 13.1409; 6.74187; 0; 0; 7103; 1830
8933; 12; 14.0385; 6.50221; 73.1276; 13.7734; 6.52681; 0; 0; 7671; 1262
8933; 13; 14.4363; 6.20868; 76.2872; 14.0717; 6.15507; 14.4033; 6.55565; 8212; 721
8959; 1; 9.20772; 5.44447; 38.4629; 9.20904; 5.79642; 8.76361; 5.25733; 2456; 6503
8959; 2; 9.00287; 6.16682; 45.5417; 8.75986; 6.42681; 8.7574; 5.90682; 1826; 7133
8959; 3; 9.89991; 5.51589; 45.0158; 9.58627; 5.46821; 0; 0; 2693; 6266
8959; 4; 9.98245; 6.44571; 55.516; 10.0734; 5.98148; 0; 0; 4383; 4576
8959; 5; 12.1556; 7.10681; 64.6607; 11.9813; 6.91591; 11.8476; 7.40847; 5954; 3005
8959; 6; 10.4883; 6.79972; 61.2407; 10.2949; 6.38757; 0; 0; 4641; 4318
8959; 7; 11.5303; 7.70255; 61.5887; 11.6768; 7.21648; 0; 0; 5869; 3090
8959; 8; 11.5552; 6.79256; 63.6141; 11.1543; 6.48266; 0; 0; 5538; 3421
8959; 9; 10.7496; 6.2014; 57.2937; 10.7114; 6.47366; 10.3333; 6.13027; 5425; 3534
8959; 10; 12.8912; 6.6852; 65.163; 12.4673; 6.86452; 0; 0; 6488; 2471
8959; 11; 13.4408; 6.86108; 74.9345; 13.1393; 6.73708; 0; 0; 7103; 1856
8959; 12; 14.037; 6.49552; 73.1245; 13.7713; 6.52064; 0; 0; 7671; 1288
8959; 13; 14.4348; 6.20198; 76.284; 14.0696; 6.14889; 14.4024; 6.54844; 8212; 747
8974; 1; 9.20289; 5.44041; 38.4655; 9.19928; 5.7687; 8.76361; 5.25733; 2456; 6518
8974; 2; 9.00287; 6.16682; 45.5417; 8.75986; 6.42681; 8.7574; 5.90682; 1826; 7148
8974; 3; 9.90021; 5.51549; 45.0128; 9.58028; 5.45899; 0; 0; 2693; 6281
8974; 4; 9.98259; 6.44434; 55.5196; 10.0745; 5.98017; 0; 0; 4383; 4591
8974; 5; 12.0659; 7.1786; 64.6607; 11.8911; 6.98743; 11.7619; 7.47908; 5954; 3020
8974; 6; 10.5011; 6.79831; 61.195; 10.2999; 6.38043; 0; 0; 4641; 4333
8974; 7; 11.4156; 7.76437; 61.6923; 11.5866; 7.288; 0; 0; 5869; 3105
8974; 8; 11.5108; 6.82799; 63.8381; 11.1567; 6.49258; 0; 0; 5538; 3436
8974; 9; 10.7506; 6.20052; 57.2937; 10.7126; 6.45778; 10.3383; 6.12313; 5425; 3549
8974; 10; 12.802; 6.75745; 65.1655; 12.3775; 6.93632; 0; 0; 6488; 2486
8974; 11; 13.3524; 6.93465; 74.9383; 13.0505; 6.80978; 0; 0; 7103; 1871
8974; 12; 13.9325; 6.58277; 73.2052; 13.6833; 6.59508; 0; 0; 7671; 1303
8974; 13; 14.3299; 6.28927; 76.3658; 13.9817; 6.22333; 14.2808; 6.6488; 8212; 762
8987; 1; 9.20288; 5.44042; 38.4655; 9.20905; 5.79427; 8.76361; 5.25733; 2456; 6531
8987; 2; 9.00287; 6.16682; 45.5417; 8.75986; 6.42681; 8.7574; 5.90682; 1826; 7161
8987; 3; 9.89951; 5.51596; 45.0158; 9.58275; 5.46148; 0; 0; 2693; 6294
8987; 4; 9.98177; 6.44558; 55.5171; 10.073; 5.98129; 0; 0; 4383; 4604
8987; 5; 12.0688; 7.17673; 64.6607; 11.8941; 6.98585; 11.7604; 7.47841; 5954; 3033
8987; 6; 10.4944; 6.79951; 61.2154; 10.2945; 6.38732; 0; 0; 4641; 4346
8987; 7; 11.4254; 7.76555; 61.6633; 11.5896; 7.28641; 0; 0; 5869; 3118
8987; 8; 11.5116; 6.82751; 63.8281; 11.1539; 6.48236; 0; 0; 5538; 3449
8987; 9; 10.7492; 6.20143; 57.2937; 10.711; 6.47339; 10.333; 6.13002; 5425; 3562
8987; 10; 12.8046; 6.75522; 65.1635; 12.3805; 6.93444; 0; 0; 6488; 2499
8987; 11; 13.3549; 6.9326; 74.9405; 13.0629; 6.82081; 0; 0; 7103; 1884
8987; 12; 13.9524; 6.56798; 73.1218; 13.6861; 6.59356; 0; 0; 7671; 1316
8987; 13; 14.3502; 6.27445; 76.2813; 13.9845; 6.2218; 14.3183; 6.62045; 8212; 775
9030; 1; 9.20281; 5.44036; 38.4646; 9.20903; 5.79889; 8.76361; 5.25733; 2456; 6574
9030; 2; 9.00287; 6.16682; 45.5417; 8.75986; 6.42681; 8.7574; 5.90682; 1826; 7204
9030; 3; 9.89997; 5.51584; 45.0159; 9.58066; 5.46381; 0; 0; 2693; 6337
9030; 4; 9.98061; 6.44454; 55.5243; 10.0736; 5.98096; 0; 0; 4383; 4647
9030; 5; 12.0717; 7.17514; 64.6607; 11.8969; 6.98398; 11.7677; 7.47562; 5954; 3076
9030; 6; 10.477; 6.79965; 61.284; 10.2989; 6.38125; 0; 0; 4641; 4389
9030; 7; 11.4419; 7.76934; 61.6067; 11.5924; 7.28455; 0; 0; 5869; 3161
9030; 8; 11.5133; 6.82669; 63.8227; 11.1558; 6.49342; 0; 0; 5538; 3492
9030; 9; 10.7497; 6.20135; 57.2938; 10.7117; 6.45862; 10.3374; 6.12395; 5425; 3605
9030; 10; 12.8064; 6.75268; 65.1582; 12.3833; 6.93285; 0; 0; 6488; 2542
9030; 11; 13.3545; 6.92688; 74.9346; 13.053; 6.80288; 0; 0; 7103; 1927
9030; 12; 13.9511; 6.561; 73.1226; 13.685; 6.58645; 0; 0; 7671; 1359
9030; 13; 14.3489; 6.26747; 76.2821; 13.9834; 6.2147; 14.3169; 6.6136; 8212; 818
9053; 1; 9.2028; 5.44038; 38.4646; 9.19928; 5.7687; 8.76361; 5.25733; 2456; 6597
9053; 2; 9.00287; 6.16682; 45.5417; 8.75986; 6.42681; 8.7574; 5.90682; 1826; 7227
9053; 3; 9.89992; 5.51612; 45.0162; 9.58045; 5.45889; 0; 0; 2693; 6360
9053; 4; 9.98094; 6.44523; 55.5223; 10.0732; 5.98195; 0; 0; 4383; 4670
9053; 5; 12.075; 7.17342; 64.6607; 11.9004; 6.98314; 11.7668; 7.4757; 5954; 3099
9053; 6; 10.4998; 6.7996; 61.1958; 10.2947; 6.38807; 0; 0; 4641; 4412
9053; 7; 11.4452; 7.76758; 61.6072; 11.596; 7.28371; 0; 0; 5869; 3184
9053; 8; 11.5149; 6.82607; 63.8149; 11.1541; 6.48324; 0; 0; 5538; 3515
9053; 9; 10.7496; 6.20176; 57.2938; 10.7111; 6.47421; 10.3331; 6.13077; 5425; 3628
9053; 10; 12.8111; 6.75224; 65.1654; 12.3867; 6.93113; 0; 0; 6488; 2565
9053; 11; 13.3614; 6.92947; 74.942; 13.0597; 6.8077; 0; 0; 7103; 1950
9053; 12; 13.9579; 6.56615; 73.1276; 13.6928; 6.59076; 0; 0; 7671; 1382
9053; 13; 14.3556; 6.27261; 76.2871; 13.9911; 6.21901; 14.3227; 6.61958; 8212; 841
9055; 1; 9.20281; 5.44035; 38.4645; 9.19928; 5.7687; 8.76361; 5.25733; 2456; 6599
9055; 2; 9.00287; 6.16682; 45.5417; 8.75986; 6.42681; 8.7574; 5.90682; 1826; 7229
9055; 3; 9.90008; 5.51567; 45.0155; 9.58047; 5.45882; 0; 0; 2693; 6362
9055; 4; 9.98146; 6.44467; 55.5214; 10.0738; 5.98085; 0; 0; 4383; 4672
9055; 5; 12.0775; 7.1711; 64.6607; 11.9016; 6.98066; 11.768; 7.47322; 5954; 3101
9055; 6; 10.5002; 6.79888; 61.1954; 10.2953; 6.38687; 0; 0; 4641; 4414
9055; 7; 11.4473; 7.76514; 61.6084; 11.5972; 7.28123; 0; 0; 5869; 3186
9055; 8; 11.5163; 6.82452; 63.8097; 11.155; 6.48173; 0; 0; 5538; 3517
9055; 9; 10.7499; 6.20109; 57.2937; 10.7119; 6.47286; 10.3337; 6.12957; 5425; 3630
9055; 10; 12.814; 6.75028; 65.1675; 12.3891; 6.9288; 0; 0; 6488; 2567
9055; 11; 13.3645; 6.92755; 74.9406; 13.0649; 6.8057; 0; 0; 7103; 1952
9055; 12; 13.9472; 6.57452; 73.1943; 13.6957; 6.58852; 0; 0; 7671; 1384
9055; 13; 14.3449; 6.28098; 76.3538; 13.9941; 6.21676; 14.3011; 6.63724; 8212; 843
9090; 1; 9.2028; 5.44031; 38.4644; 9.20903; 5.79285; 8.76361; 5.25733; 2456; 6634
9090; 2; 9.00287; 6.16682; 45.5417; 8.75986; 6.42681; 8.7574; 5.90682; 1826; 7264
9090; 3; 9.90004; 5.51492; 45.0143; 9.58337; 5.46109; 0; 0; 2693; 6397
9090; 4; 9.98073; 6.443; 55.5251; 10.074; 5.97969; 0; 0; 4383; 4707
9090; 5; 12.07; 7.17451; 64.6608; 11.8952; 6.98334; 11.766; 7.47496; 5954; 3136
9090; 6; 10.4687; 6.79781; 61.3171; 10.294; 6.38404; 0; 0; 4641; 4449
9090; 7; 11.4407; 7.76885; 61.6047; 11.5907; 7.2839; 0; 0; 5869; 3221
9090; 8; 11.5125; 6.82553; 63.8268; 11.1561; 6.49191; 0; 0; 5538; 3552
9090; 9; 10.75; 6.19993; 57.2935; 10.712; 6.45713; 10.3324; 6.12674; 5425; 3665
9090; 10; 12.8042; 6.75151; 65.1553; 12.3816; 6.93221; 0; 0; 6488; 2602
9090; 11; 13.3556; 6.93284; 74.9637; 13.0508; 6.80202; 0; 0; 7103; 1987
9090; 12; 13.9487; 6.57927; 73.1563; 13.6894; 6.59923; 0; 0; 7671; 1419
9090; 13; 14.3468; 6.28551; 76.3142; 13.9877; 6.22747; 14.3076; 6.63752; 8212; 878
9111; 1; 9.20282; 5.44037; 38.4646; 9.19928; 5.7687; 8.76361; 5.25733; 2456; 6655
9111; 2; 9.00287; 6.16682; 45.5417; 8.75986; 6.42681; 8.7574; 5.90682; 1826; 7285
9111; 3; 9.90302; 5.51408; 45.0027; 9.58049; 5.45887; 0; 0; 2693; 6418
9111; 4; 9.98287; 6.43911; 55.5338; 10.0796; 5.97701; 0; 0; 4383; 4728
9111; 5; 12.0671; 7.17807; 64.6607; 11.8928; 6.98773; 11.7591; 7.48029; 5954; 3157
9111; 6; 10.4749; 6.79644; 61.3064; 10.3033; 6.37713; 0; 0; 4641; 4470
9111; 7; 11.4395; 7.77305; 61.598; 11.5883; 7.2883; 0; 0; 5869; 3242
9111; 8; 11.5133; 6.82667; 63.8434; 11.1596; 6.49078; 0; 0; 5538; 3573
9111; 9; 10.7541; 6.19805; 57.2945; 10.7154; 6.45561; 10.3418; 6.11983; 5425; 3686
9111; 10; 12.8042; 6.75803; 65.1713; 12.3787; 6.93581; 0; 0; 6488; 2623
9111; 11; 13.3587; 6.94259; 74.9649; 13.0539; 6.81143; 0; 0; 7103; 2008
9111; 12; 13.944; 6.5954; 73.1949; 13.6927; 6.60928; 0; 0; 7671; 1440
9111; 13; 14.3418; 6.30166; 76.3536; 13.991; 6.23753; 14.2945; 6.65986; 8212; 899
9151; 1; 9.20282; 5.44036; 38.4645; 9.19928; 5.7687; 8.76361; 5.25733; 2456; 6695
9151; 2; 9.00287; 6.16682; 45.5417; 8.75986; 6.42681; 8.7574; 5.90682; 1826; 7325
9151; 3; 9.90802; 5.51082; 44.9798; 9.58048; 5.45885; 0; 0; 2693; 6458
9151; 4; 9.99046; 6.43107; 55.5448; 10.0896; 5.97053; 0; 0; 4383; 4768
9151; 5; 12.077; 7.17148; 64.6607; 11.902; 6.98054; 11.7683; 7.4731; 5954; 3197
9151; 6; 10.5126; 6.78966; 61.1996; 10.3049; 6.37789; 0; 0; 4641; 4510
9151; 7; 11.4474; 7.76573; 61.6062; 11.5975; 7.28111; 0; 0; 5869; 3282
9151; 8; 11.5232; 6.82007; 63.8435; 11.1695; 6.48378; 0; 0; 5538; 3613
9151; 9; 10.764; 6.19149; 57.2944; 10.7213; 6.4642; 10.3433; 6.12059; 5425; 3726
9151; 10; 12.8112; 6.74864; 65.1557; 12.3886; 6.92921; 0; 0; 6488; 2663
9151; 11; 13.3627; 6.9304; 74.9649; 13.0579; 6.79924; 0; 0; 7103; 2048
9151; 12; 13.9524; 6.57961; 73.1731; 13.6966; 6.5971; 0; 0; 7671; 1480
9151; 13; 14.3505; 6.28584; 76.3309; 13.9949; 6.22514; 14.3079; 6.64044; 8212; 939
9171; 1; 9.20282; 5.44036; 38.4645; 9.19928; 5.7687; 8.76361; 5.25733; 2456; 6715
9171; 2; 9.00287; 6.16682; 45.5417; 8.75986; 6.42681; 8.7574; 5.90682; 1826; 7345
9171; 3; 9.90648; 5.51182; 44.9868; 9.58048; 5.45885; 0; 0; 2693; 6478
9171; 4; 9.98773; 6.43328; 55.5432; 10.0865; 5.9725; 0; 0; 4383; 4788
9171; 5; 12.0739; 7.17351; 64.6607; 11.8995; 6.98311; 11.7658; 7.47567; 5954; 3217
9171; 6; 10.4839; 6.79196; 61.2985; 10.3108; 6.37244; 0; 0; 4641; 4530
9171; 7; 11.4447; 7.76789; 61.6046; 11.595; 7.28368; 0; 0; 5869; 3302
9171; 8; 11.5201; 6.82209; 63.8436; 11.166; 6.47502; 0; 0; 5538; 3633
9171; 9; 10.761; 6.19348; 57.2945; 10.7227; 6.4652; 10.3493; 6.11514; 5425; 3746
9171; 10; 12.8094; 6.75196; 65.1628; 12.3855; 6.93125; 0; 0; 6488; 2683
9171; 11; 13.3623; 6.93505; 74.965; 13.0574; 6.80383; 0; 0; 7103; 2068
9171; 12; 13.9591; 6.57878; 73.1385; 13.6962; 6.60179; 0; 0; 7671; 1500
9171; 13; 14.3572; 6.28501; 76.2964; 13.9945; 6.22985; 14.3216; 6.63406; 8212; 959
9178; 1; 9.2028; 5.44032; 38.4645; 9.20903; 5.78682; 8.76361; 5.25733; 2456; 6722
9178; 2; 9.00287; 6.16682; 45.5417; 8.75986; 6.42681; 8.7574; 5.90682; 1826; 7352
9178; 3; 9.90763; 5.51058; 44.9806; 9.58555; 5.4579; 0; 0; 2693; 6485
9178; 4; 9.98902; 6.43017; 55.5478; 10.0889; 5.97019; 0; 0; 4383; 4795
9178; 5; 12.0754; 7.17102; 64.6608; 11.9006; 6.97985; 11.7714; 7.47149; 5954; 3224
9178; 6; 10.4774; 6.7889; 61.332; 10.3125; 6.37013; 0; 0; 4641; 4537
9178; 7; 11.4447; 7.76487; 61.6105; 11.5961; 7.28042; 0; 0; 5869; 3309
9178; 8; 11.5218; 6.81951; 63.8444; 11.1687; 6.48362; 0; 0; 5538; 3640
9178; 9; 10.7631; 6.19089; 57.2945; 10.7245; 6.44848; 10.351; 6.11283; 5425; 3753
9178; 10; 12.8097; 6.74847; 65.1569; 12.387; 6.92878; 0; 0; 6488; 2690
9178; 11; 13.3615; 6.93055; 74.9651; 13.0567; 6.79931; 0; 0; 7103; 2075
9178; 12; 13.9606; 6.57239; 73.127; 13.6954; 6.5973; 0; 0; 7671; 1507
9178; 13; 14.3587; 6.27863; 76.2849; 13.9937; 6.22537; 14.3255; 6.62577; 8212; 966
9210; 1; 9.20274; 5.44042; 38.4649; 9.20903; 5.78694; 8.76361; 5.25733; 2456; 6754
9210; 2; 9.00287; 6.16682; 45.5417; 8.75986; 6.42681; 8.7574; 5.90682; 1826; 7384
9210; 3; 9.89885; 5.51646; 45.0189; 9.58552; 5.45799; 0; 0; 2693; 6517
9210; 4; 9.975; 6.44409; 55.5319; 10.0715; 5.98163; 0; 0; 4383; 4827
9210; 5; 12.0711; 7.1738; 64.6607; 11.8963; 6.98263; 11.7671; 7.47427; 5954; 3256
9210; 6; 10.4928; 6.80073; 61.2084; 10.295; 6.38182; 0; 0; 4641; 4569
9210; 7; 11.4419; 7.76817; 61.6046; 11.5919; 7.2832; 0; 0; 5869; 3341
9210; 8; 11.5112; 6.82635; 63.8157; 11.1503; 6.48348; 0; 0; 5538; 3672
9210; 9; 10.7461; 6.20246; 57.2925; 10.7078; 6.45998; 10.3335; 6.12452; 5425; 3785
9210; 10; 12.8077; 6.75314; 65.1683; 12.3828; 6.9315; 0; 0; 6488; 2722
9210; 11; 13.3592; 6.93172; 74.942; 13.0568; 6.80598; 0; 0; 7103; 2107
9210; 12; 13.9618; 6.56315; 73.0965; 13.6905; 6.59302; 0; 0; 7671; 1539
9210; 13; 14.3596; 6.26961; 76.256; 13.9889; 6.22127; 14.3327; 6.6113; 8212; 998
9233; 1; 9.20279; 5.44037; 38.4646; 9.19928; 5.7687; 8.76361; 5.25733; 2456; 6777
9233; 2; 9.00287; 6.16682; 45.5417; 8.75986; 6.42681; 8.7574; 5.90682; 1826; 7407
9233; 3; 9.89968; 5.51588; 45.0166; 9.58042; 5.45886; 0; 0; 2693; 6540
9233; 4; 9.97652; 6.4429; 55.5324; 10.0725; 5.98103; 0; 0; 4383; 4850
9233; 5; 12.0636; 7.17997; 64.6607; 11.8887; 6.98907; 11.755; 7.48163; 5954; 3279
9233; 6; 10.4816; 6.80079; 61.2515; 10.2834; 6.39092; 0; 0; 4641; 4592
9233; 7; 11.4365; 7.7751; 61.596; 11.5842; 7.28964; 0; 0; 5869; 3364
9233; 8; 11.5079; 6.82979; 63.835; 11.1552; 6.48938; 0; 0; 5538; 3695
9233; 9; 10.7478; 6.20251; 57.2996; 10.7089; 6.47287; 10.3219; 6.13362; 5425; 3808
9233; 10; 12.8029; 6.76195; 65.1828; 12.3752; 6.93768; 0; 0; 6488; 2745
9233; 11; 13.3556; 6.94027; 74.9296; 13.0547; 6.81742; 0; 0; 7103; 2130
9233; 12; 13.9342; 6.58683; 73.2077; 13.6856; 6.5987; 0; 0; 7671; 1562
9233; 13; 14.3318; 6.29383; 76.3676; 13.9839; 6.22694; 14.2821; 6.65336; 8212; 1021
9233; 14; 14.7514; 6.02539; 79.5124; 14.3938; 5.94509; 0; 0; 9233; 0
9274; 1; 9.20282; 5.44037; 38.4646; 9.20903; 5.78688; 8.76361; 5.25733; 2456; 6818
9274; 2; 9.00287; 6.16682; 45.5417; 8.75986; 6.42681; 8.7574; 5.90682; 1826; 7448
9274; 3; 9.90399; 5.51353; 44.9984; 9.58559; 5.45801; 0; 0; 2693; 6581
9274; 4; 9.98299; 6.43686; 55.542; 10.0815; 5.97587; 0; 0; 4383; 4891
9274; 5; 12.0737; 7.17412; 64.6607; 11.8989; 6.98296; 11.7697; 7.47461; 5954; 3320
9274; 6; 10.4857; 6.79558; 61.2723; 10.3052; 6.376; 0; 0; 4641; 4633
9274; 7; 11.4443; 7.76846; 61.6053; 11.5944; 7.28353; 0; 0; 5869; 3405
9274; 8; 11.5176; 6.82414; 63.8334; 11.1596; 6.48537; 0; 0; 5538; 3736
9274; 9; 10.7562; 6.19695; 57.2976; 10.7173; 6.45449; 10.3437; 6.1187; 5425; 3849
9274; 10; 12.8105; 6.75362; 65.1691; 12.3853; 6.93184; 0; 0; 6488; 2786
9274; 11; 13.363; 6.93438; 74.9507; 13.0597; 6.80661; 0; 0; 7103; 2171
9274; 12; 13.9615; 6.57228; 73.1227; 13.6954; 6.59771; 0; 0; 7671; 1603
9274; 13; 14.3592; 6.27874; 76.2822; 13.9937; 6.22596; 14.3272; 6.62489; 8212; 1062
9274; 14; 14.78; 6.01048; 79.4218; 14.4045; 5.94324; 0; 0; 9233; 41
9303; 1; 9.2028; 5.44036; 38.4646; 9.19928; 5.7687; 8.76361; 5.25733; 2456; 6847
9303; 2; 9.00287; 6.16682; 45.5417; 8.75986; 6.42681; 8.7574; 5.90682; 1826; 7477
9303; 3; 9.89993; 5.5158; 45.016; 9.58045; 5.45886; 0; 0; 2693; 6610
9303; 4; 9.97715; 6.44281; 55.5318; 10.0733; 5.98081; 0; 0; 4383; 4920
9303; 5; 12.0759; 7.17164; 64.6607; 11.9014; 6.98082; 11.7677; 7.47338; 5954; 3349
9303; 6; 10.4974; 6.79955; 61.1958; 10.293; 6.38707; 0; 0; 4641; 4662
9303; 7; 11.4464; 7.76593; 61.6056; 11.5969; 7.28138; 0; 0; 5869; 3434
9303; 8; 11.5146; 6.82511; 63.8093; 11.1567; 6.48812; 0; 0; 5538; 3765
9303; 9; 10.7481; 6.20147; 57.2976; 10.7104; 6.47191; 10.3314; 6.12977; 5425; 3878
9303; 10; 12.8147; 6.75305; 65.1797; 12.3876; 6.92935; 0; 0; 6488; 2815
9303; 11; 13.368; 6.93319; 74.9399; 13.0659; 6.80795; 0; 0; 7103; 2200
9303; 12; 13.9642; 6.56941; 73.1278; 13.6991; 6.59399; 0; 0; 7671; 1632
9303; 13; 14.3619; 6.27587; 76.2873; 13.9974; 6.22224; 14.3289; 6.62287; 8212; 1091
9303; 14; 14.7827; 6.00758; 79.4267; 14.4061; 5.94107; 0; 0; 9233; 70
9305; 1; 9.20278; 5.4404; 38.4647; 9.19928; 5.7687; 8.76361; 5.25733; 2456; 6849
9305; 2; 9.00287; 6.16682; 45.5417; 8.75986; 6.42681; 8.7574; 5.90682; 1826; 7479
9305; 3; 9.89962; 5.51621; 45.0171; 9.58042; 5.45894; 0; 0; 2693; 6612
9305; 4; 9.97648; 6.44358; 55.5321; 10.0721; 5.98215; 0; 0; 4383; 4922
9305; 5; 12.0722; 7.17476; 64.6607; 11.8981; 6.98395; 11.7645; 7.47652; 5954; 3351
9305; 6; 10.4952; 6.80054; 61.2021; 10.2918; 6.38844; 0; 0; 4641; 4664
9305; 7; 11.4434; 7.7693; 61.6029; 11.5937; 7.28452; 0; 0; 5869; 3436
9305; 8; 11.5125; 6.82717; 63.8165; 11.1553; 6.48978; 0; 0; 5538; 3767
9305; 9; 10.7475; 6.20234; 57.2978; 10.7091; 6.47353; 10.3303; 6.13114; 5425; 3880
9305; 10; 12.8109; 6.75606; 65.179; 12.3839; 6.93247; 0; 0; 6488; 2817
9305; 11; 13.3648; 6.93761; 74.9464; 13.0619; 6.81085; 0; 0; 7103; 2202
9305; 12; 13.9621; 6.57499; 73.1257; 13.6966; 6.59992; 0; 0; 7671; 1634
9305; 13; 14.3599; 6.28145; 76.2852; 13.9949; 6.22817; 14.3273; 6.6281; 8212; 1093
9305; 14; 14.7802; 6.01171; 79.4302; 14.405; 5.94519; 0; 0; 9233; 72
9320; 1; 9.2077; 5.44448; 38.463; 9.20903; 5.78688; 8.76361; 5.25733; 2456; 6864
9320; 2; 9.00287; 6.16682; 45.5417; 8.75986; 6.42681; 8.7574; 5.90682; 1826; 7494
9320; 3; 9.89964; 5.51603; 45.0164; 9.58557; 5.45799; 0; 0; 2693; 6627
9320; 4; 9.97752; 6.44323; 55.5361; 10.0731; 5.98124; 0; 0; 4383; 4937
9320; 5; 12.0771; 7.17188; 64.6607; 11.9023; 6.98071; 11.7731; 7.47236; 5954; 3366
9320; 6; 10.4755; 6.79994; 61.2881; 10.2985; 6.38155; 0; 0; 4641; 4679
9320; 7; 11.447; 7.76593; 61.6084; 11.5978; 7.28128; 0; 0; 5869; 3451
9320; 8; 11.5162; 6.82511; 63.811; 11.1553; 6.49373; 0; 0; 5538; 3782
9320; 9; 10.7492; 6.20164; 57.2939; 10.7112; 6.45894; 10.3369; 6.12425; 5425; 3895
9320; 10; 12.8151; 6.75253; 65.1755; 12.3888; 6.92959; 0; 0; 6488; 2832
9320; 11; 13.3692; 6.93523; 74.9541; 13.0655; 6.80666; 0; 0; 7103; 2217
9320; 12; 13.9679; 6.57407; 73.1235; 13.7019; 6.59936; 0; 0; 7671; 1649
9320; 13; 14.3656; 6.28053; 76.2831; 14.0003; 6.2276; 14.3335; 6.62682; 8212; 1108
9320; 14; 14.7857; 6.01261; 79.4222; 14.4111; 5.94489; 0; 0; 9233; 87
9367; 1; 9.20773; 5.44447; 38.4629; 9.19928; 5.7687; 8.76361; 5.25733; 2456; 6911
9367; 2; 9.00287; 6.16682; 45.5417; 8.75986; 6.42681; 8.7574; 5.90682; 1826; 7541
9367; 3; 9.90163; 5.5149; 45.0085; 9.58344; 5.46172; 0; 0; 2693; 6674
9367; 4; 9.9798; 6.44004; 55.5432; 10.0774; 5.97927; 0; 0; 4383; 4984
9367; 5; 12.0828; 7.16733; 64.6607; 11.9083; 6.97671; 11.7746; 7.46928; 5954; 3413
9367; 6; 10.5022; 6.79733; 61.2; 10.2989; 6.38535; 0; 0; 4641; 4726
9367; 7; 11.454; 7.76186; 61.6029; 11.6038; 7.27728; 0; 0; 5869; 3498
9367; 8; 11.5206; 6.82136; 63.8054; 11.1628; 6.48523; 0; 0; 5538; 3829
9367; 9; 10.753; 6.19945; 57.2937; 10.7169; 6.46975; 10.3373; 6.12806; 5425; 3942
9367; 10; 12.8174; 6.74468; 65.1573; 12.3944; 6.92503; 0; 0; 6488; 2879
9367; 11; 13.36; 6.90845; 74.8863; 13.0644; 6.79554; 0; 0; 7103; 2264
9367; 12; 13.9446; 6.53651; 73.1533; 13.6846; 6.55694; 0; 0; 7671; 1696
9367; 13; 14.3423; 6.24297; 76.3128; 13.983; 6.18518; 14.3042; 6.59414; 8212; 1155
9367; 14; 14.7622; 5.97427; 79.4526; 14.3937; 5.90255; 0; 0; 9233; 134
9385; 1; 9.20771; 5.44445; 38.4629; 9.19928; 5.7687; 8.76361; 5.25733; 2456; 6929
9385; 2; 9.00287; 6.16682; 45.5417; 8.75986; 6.42681; 8.7574; 5.90682; 1826; 7559
9385; 3; 9.90206; 5.51447; 45.0062; 9.58343; 5.46169; 0; 0; 2693; 6692
9385; 4; 9.9806; 6.43918; 55.5436; 10.0779; 5.97842; 0; 0; 4383; 5002
9385; 5; 12.0867; 7.1644; 64.6607; 11.9121; 6.97344; 11.7785; 7.46601; 5954; 3431
9385; 6; 10.4972; 6.79682; 61.2229; 10.2995; 6.38444; 0; 0; 4641; 4744
9385; 7; 11.4577; 7.75886; 61.6037; 11.6077; 7.27401; 0; 0; 5869; 3516
9385; 8; 11.5231; 6.81945; 63.7985; 11.1636; 6.48436; 0; 0; 5538; 3847
9385; 9; 10.7539; 6.19865; 57.2937; 10.7176; 6.46874; 10.3379; 6.12714; 5425; 3960
9385; 10; 12.8214; 6.74193; 65.1581; 12.3984; 6.92211; 0; 0; 6488; 2897
9385; 11; 13.3575; 6.89455; 74.8357; 13.0686; 6.79294; 0; 0; 7103; 2282
9385; 12; 13.9414; 6.50633; 73.1229; 13.6754; 6.53173; 0; 0; 7671; 1714
9385; 13; 14.3392; 6.21279; 76.2824; 13.9737; 6.15997; 14.3071; 6.55897; 8212; 1173
9385; 14; 14.759; 5.94411; 79.4224; 14.3845; 5.87726; 0; 0; 9233; 152
9420; 1; 9.20771; 5.44445; 38.4629; 9.20902; 5.78634; 8.76361; 5.25733; 2456; 6964
9420; 2; 9.00287; 6.16682; 45.5417; 8.75986; 6.42681; 8.7574; 5.90682; 1826; 7594
9420; 3; 9.90091; 5.51512; 45.0113; 9.58856; 5.46141; 0; 0; 2693; 6727
9420; 4; 9.97867; 6.44072; 55.542; 10.0756; 5.9796; 0; 0; 4383; 5037
9420; 5; 12.0782; 7.17077; 64.6607; 11.9016; 6.98045; 11.7742; 7.47124; 5954; 3466
9420; 6; 10.4692; 6.79784; 61.3218; 10.3009; 6.37987; 0; 0; 4641; 4779
9420; 7; 11.4482; 7.76486; 61.6078; 11.5971; 7.28102; 0; 0; 5869; 3551
9420; 8; 11.5175; 6.82379; 63.8124; 11.1578; 6.49203; 0; 0; 5538; 3882
9420; 9; 10.7516; 6.19997; 57.2937; 10.7137; 6.45723; 10.3394; 6.12257; 5425; 3995
9420; 10; 12.8163; 6.75156; 65.1763; 12.3866; 6.937; 0; 0; 6488; 2932
9420; 11; 13.368; 6.92916; 74.9316; 13.0669; 6.80585; 0; 0; 7103; 2317
9420; 12; 13.9635; 6.56324; 73.1266; 13.6982; 6.58803; 0; 0; 7671; 1749
9420; 13; 14.3612; 6.2697; 76.2861; 13.9965; 6.21627; 14.3285; 6.6165; 8212; 1208
9420; 14; 14.7818; 6.00055; 79.4261; 14.4073; 5.93356; 0; 0; 9233; 187
9441; 1; 9.20769; 5.44444; 38.4629; 9.20904; 5.79643; 8.76361; 5.25733; 2456; 6985
9441; 2; 9.00287; 6.16682; 45.5417; 8.75986; 6.42681; 8.7574; 5.90682; 1826; 7615
9441; 3; 9.89977; 5.51562; 45.0158; 9.58623; 5.46816; 0; 0; 2693; 6748
9441; 4; 9.97694; 6.44208; 55.5399; 10.0733; 5.98076; 0; 0; 4383; 5058
9441; 5; 12.0764; 7.17139; 64.6608; 11.9017; 6.98022; 11.7724; 7.47186; 5954; 3487
9441; 6; 10.4885; 6.79931; 61.2391; 10.2947; 6.38678; 0; 0; 4641; 4800
9441; 7; 11.4498; 7.76668; 61.594; 11.5972; 7.28079; 0; 0; 5869; 3572
9441; 8; 11.5156; 6.82461; 63.8111; 11.1542; 6.48172; 0; 0; 5538; 3903
9441; 9; 10.7494; 6.20103; 57.2937; 10.7112; 6.47281; 10.3332; 6.12948; 5425; 4016
9441; 10; 12.816; 6.75224; 65.1814; 12.3885; 6.92822; 0; 0; 6488; 2953
9441; 11; 13.3721; 6.93803; 74.9626; 13.0675; 6.80746; 0; 0; 7103; 2338
9441; 12; 13.9713; 6.57927; 73.1259; 13.7058; 6.60416; 0; 0; 7671; 1770
9441; 13; 14.369; 6.28573; 76.2855; 14.0042; 6.2324; 14.3364; 6.63243; 8212; 1229
9441; 14; 14.7899; 6.0163; 79.4239; 14.4149; 5.9497; 0; 0; 9233; 208
9474; 1; 9.20279; 5.44029; 38.4644; 9.19928; 5.7687; 8.76361; 5.25733; 2456; 7018
9474; 2; 9.00287; 6.16682; 45.5417; 8.75986; 6.42681; 8.7574; 5.90682; 1826; 7648
9474; 3; 9.89947; 5.51478; 45.0157; 9.5804; 5.45868; 0; 0; 2693; 6781
9474; 4; 9.97465; 6.43972; 55.5482; 10.073; 5.97967; 0; 0; 4383; 5091
9474; 5; 12.0774; 7.16847; 64.6609; 11.9008; 6.97562; 11.7671; 7.46816; 5954; 3520
9474; 6; 10.4859; 6.79805; 61.2471; 10.2983; 6.37974; 0; 0; 4641; 4833
9474; 7; 11.4459; 7.76195; 61.6141; 11.5963; 7.27619; 0; 0; 5869; 3605
9474; 8; 11.5157; 6.82238; 63.8069; 11.1551; 6.49176; 0; 0; 5538; 3936
9474; 9; 10.749; 6.19984; 57.2934; 10.711; 6.457; 10.3367; 6.12244; 5425; 4049
9474; 10; 12.811; 6.7436; 65.1499; 12.3846; 6.92677; 0; 0; 6488; 2986
9474; 11; 13.3597; 6.92024; 74.9478; 13.0595; 6.79761; 0; 0; 7103; 2371
9474; 12; 13.9574; 6.55777; 73.1246; 13.6917; 6.58289; 0; 0; 7671; 1803
9474; 13; 14.3552; 6.26423; 76.2841; 13.99; 6.21113; 14.3228; 6.61069; 8212; 1262
9509; 1; 9.2028; 5.44033; 38.4645; 9.20902; 5.79336; 8.76361; 5.25733; 2456; 7053
9509; 2; 9.00287; 6.16682; 45.5417; 8.75986; 6.42681; 8.7574; 5.90682; 1826; 7683
9509; 3; 9.89977; 5.51543; 45.0158; 9.58285; 5.46111; 0; 0; 2693; 6816
9509; 4; 9.97596; 6.44125; 55.5441; 10.0729; 5.98034; 0; 0; 4383; 5126
9509; 5; 12.0725; 7.17351; 64.6608; 11.8977; 6.98234; 11.7685; 7.47397; 5954; 3555
9509; 6; 10.473; 6.79891; 61.2982; 10.2943; 6.38637; 0; 0; 4641; 4868
9509; 7; 11.4423; 7.76751; 61.6086; 11.5933; 7.2829; 0; 0; 5869; 3640
9509; 8; 11.5135; 6.8255; 63.8197; 11.1537; 6.48119; 0; 0; 5538; 3971
9509; 9; 10.7494; 6.20077; 57.2936; 10.7108; 6.4724; 10.3328; 6.12907; 5425; 4084
9509; 10; 12.8109; 6.75447; 65.1773; 12.3842; 6.93121; 0; 0; 6488; 3021
9509; 11; 13.3653; 6.93761; 74.9583; 13.0612; 6.80807; 0; 0; 7103; 2406
9509; 12; 13.9647; 6.5772; 73.1222; 13.6985; 6.60272; 0; 0; 7671; 1838
9509; 13; 14.3625; 6.28366; 76.2817; 13.9968; 6.23096; 14.3306; 6.62972; 8212; 1297
9512; 1; 9.2028; 5.44035; 38.4646; 9.20903; 5.79887; 8.76361; 5.25733; 2456; 7056
9512; 2; 9.00287; 6.16682; 45.5417; 8.75986; 6.42681; 8.7574; 5.90682; 1826; 7686
9512; 3; 9.89983; 5.51568; 45.016; 9.58064; 5.46375; 0; 0; 2693; 6819
9512; 4; 9.97561; 6.44133; 55.546; 10.0734; 5.98078; 0; 0; 4383; 5129
9512; 5; 12.0728; 7.17387; 64.6608; 11.8978; 6.98238; 11.7642; 7.47493; 5954; 3558
9512; 6; 10.4758; 6.79938; 61.2878; 10.2987; 6.38103; 0; 0; 4641; 4871
9512; 7; 11.4422; 7.76773; 61.6105; 11.5934; 7.28295; 0; 0; 5869; 3643
9512; 8; 11.5137; 6.82591; 63.8194; 11.1556; 6.49318; 0; 0; 5538; 3974
9512; 9; 10.7495; 6.20113; 57.2937; 10.7115; 6.45838; 10.3372; 6.12374; 5425; 4087
9512; 10; 12.81; 6.75371; 65.171; 12.3845; 6.93158; 0; 0; 6488; 3024
9512; 11; 13.3635; 6.93613; 74.96; 13.0618; 6.81052; 0; 0; 7103; 2409
9512; 12; 13.9604; 6.57836; 73.1356; 13.6969; 6.60165; 0; 0; 7671; 1841
9512; 13; 14.3581; 6.28482; 76.2952; 13.9952; 6.22989; 14.3235; 6.63311; 8212; 1300
9542; 1; 9.20279; 5.44036; 38.4646; 9.20904; 5.79476; 8.76361; 5.25733; 2456; 7086
9542; 2; 9.00287; 6.16682; 45.5417; 8.75986; 6.42681; 8.7574; 5.90682; 1826; 7716
9542; 3; 9.89977; 5.51586; 45.0162; 9.58222; 5.46137; 0; 0; 2693; 6849
9542; 4; 9.97581; 6.44181; 55.5445; 10.0733; 5.98102; 0; 0; 4383; 5159
9542; 5; 12.0751; 7.1726; 64.6607; 11.9003; 6.9816; 11.7667; 7.47416; 5954; 3588
9542; 6; 10.4974; 6.79934; 61.2042; 10.2986; 6.3813; 0; 0; 4641; 4901
9542; 7; 11.4451; 7.76668; 61.6079; 11.5959; 7.28216; 0; 0; 5869; 3673
9542; 8; 11.5148; 6.82542; 63.8138; 11.1555; 6.49346; 0; 0; 5538; 4004
9542; 9; 10.7493; 6.20139; 57.2938; 10.7114; 6.45866; 10.3371; 6.124; 5425; 4117
9542; 10; 12.8119; 6.75209; 65.1691; 12.3868; 6.93031; 0; 0; 6488; 3054
9542; 11; 13.3653; 6.93463; 74.962; 13.0549; 6.81431; 0; 0; 7103; 2439
9542; 12; 13.9546; 6.58343; 73.1736; 13.6989; 6.60062; 0; 0; 7671; 1871
9542; 13; 14.3524; 6.28989; 76.3331; 13.9972; 6.22886; 14.31; 6.64431; 8212; 1330
9572; 1; 9.20279; 5.44037; 38.4646; 9.20902; 5.79309; 8.76361; 5.25733; 2456; 7116
9572; 2; 9.00287; 6.16682; 45.5417; 8.75986; 6.42681; 8.7574; 5.90682; 1826; 7746
9572; 3; 9.89972; 5.51599; 45.0164; 9.58334; 5.46138; 0; 0; 2693; 6879
9572; 4; 9.97541; 6.44181; 55.546; 10.0732; 5.98119; 0; 0; 4383; 5189
9572; 5; 12.0754; 7.17268; 64.6607; 11.901; 6.98143; 11.7673; 7.474; 5954; 3618
9572; 6; 10.4712; 6.79972; 61.3046; 10.2939; 6.38594; 0; 0; 4641; 4931
9572; 7; 11.4451; 7.76668; 61.6089; 11.5965; 7.282; 0; 0; 5869; 3703
9572; 8; 11.5149; 6.82559; 63.8132; 11.1554; 6.49368; 0; 0; 5538; 4034
9572; 9; 10.7492; 6.20159; 57.2938; 10.7113; 6.45887; 10.3324; 6.12864; 5425; 4147
9572; 10; 12.8158; 6.75578; 65.1887; 12.387; 6.9304; 0; 0; 6488; 3084
9572; 11; 13.3709; 6.93604; 74.94; 13.0755; 6.81511; 0; 0; 7103; 2469
9572; 12; 13.9697; 6.57009; 73.1147; 13.702; 6.59686; 0; 0; 7671; 1901
9572; 13; 14.3675; 6.27655; 76.2742; 14.0004; 6.2251; 14.3371; 6.62135; 8212; 1360
9598; 1; 9.2028; 5.44035; 38.4645; 9.20902; 5.79303; 8.76361; 5.25733; 2456; 7142
9598; 2; 9.00287; 6.16682; 45.5417; 8.75986; 6.42681; 8.7574; 5.90682; 1826; 7772
9598; 3; 9.90339; 5.51359; 45.0003; 9.58335; 5.46135; 0; 0; 2693; 6905
9598; 4; 9.98127; 6.43668; 55.5451; 10.0804; 5.97615; 0; 0; 4383; 5215
9598; 5; 12.068; 7.1769; 64.6608; 11.8932; 6.9861; 11.7595; 7.47867; 5954; 3644
9598; 6; 10.4794; 6.79569; 61.2924; 10.3044; 6.37631; 0; 0; 4641; 4957
9598; 7; 11.4378; 7.77091; 61.6088; 11.5887; 7.28667; 0; 0; 5869; 3729
9598; 8; 11.5141; 6.82556; 63.8432; 11.1596; 6.47892; 0; 0; 5538; 4060
9598; 9; 10.7549; 6.19715; 57.2944; 10.7163; 6.46895; 10.3428; 6.11901; 5425; 4173
9598; 10; 12.8053; 6.75689; 65.1717; 12.3797; 6.93462; 0; 0; 6488; 3110
9598; 11; 13.3599; 6.93946; 74.9598; 13.0526; 6.81351; 0; 0; 7103; 2495
9598; 12; 13.9602; 6.57874; 73.1182; 13.6917; 6.61118; 0; 0; 7671; 1927
9598; 13; 14.358; 6.2852; 76.2777; 14.0019; 6.23744; 14.3269; 6.63059; 8212; 1386
9633; 1; 9.2028; 5.44033; 38.4645; 9.19928; 5.7687; 8.76361; 5.25733; 2456; 7177
9633; 2; 9.00287; 6.16682; 45.5417; 8.75986; 6.42681; 8.7574; 5.90682; 1826; 7807
9633; 3; 9.90703; 5.51102; 44.9835; 9.58045; 5.45877; 0; 0; 2693; 6940
9633; 4; 9.98759; 6.43092; 55.5488; 10.0877; 5.97105; 0; 0; 4383; 5250
9633; 5; 12.0757; 7.17087; 64.6608; 11.901; 6.9797; 11.7717; 7.47133; 5954; 3679
9633; 6; 10.5118; 6.78989; 61.1949; 10.3088; 6.37235; 0; 0; 4641; 4992
9633; 7; 11.4456; 7.7649; 61.6083; 11.5965; 7.28027; 0; 0; 5869; 3764
9633; 8; 11.5215; 6.81978; 63.8417; 11.1675; 6.48446; 0; 0; 5538; 4095
9633; 9; 10.762; 6.19178; 57.2943; 10.7233; 6.44937; 10.3472; 6.11506; 5425; 4208
9633; 10; 12.8112; 6.74907; 65.162; 12.3874; 6.92857; 0; 0; 6488; 3145
9633; 11; 13.3607; 6.92489; 74.9351; 13.0591; 6.80078; 0; 0; 7103; 2530
9633; 12; 13.9521; 6.56229; 73.1476; 13.6912; 6.58466; 0; 0; 7671; 1962
9633; 13; 14.3499; 6.26875; 76.3071; 13.9894; 6.21187; 14.3129; 6.619; 8212; 1421
9638; 1; 9.2028; 5.44033; 38.4645; 9.20903; 5.78684; 8.76361; 5.25733; 2456; 7182
9638; 2; 9.00287; 6.16682; 45.5417; 8.75986; 6.42681; 8.7574; 5.90682; 1826; 7812
9638; 3; 9.90766; 5.51063; 44.9806; 9.58555; 5.45792; 0; 0; 2693; 6945
9638; 4; 9.98926; 6.43038; 55.547; 10.0889; 5.97026; 0; 0; 4383; 5255
9638; 5; 12.076; 7.17082; 64.6608; 11.9007; 6.97973; 11.767; 7.47229; 5954; 3684
9638; 6; 10.5087; 6.78935; 61.2118; 10.3126; 6.37023; 0; 0; 4641; 4997
9638; 7; 11.4466; 7.76514; 61.6052; 11.5962; 7.2803; 0; 0; 5869; 3769
9638; 8; 11.5222; 6.81943; 63.8437; 11.1688; 6.48371; 0; 0; 5538; 4100
9638; 9; 10.7632; 6.191; 57.2944; 10.7246; 6.44858; 10.351; 6.11293; 5425; 4213
9638; 10; 12.8111; 6.74885; 65.1606; 12.3876; 6.92855; 0; 0; 6488; 3150
9638; 11; 13.3598; 6.92374; 74.932; 13.0587; 6.80031; 0; 0; 7103; 2535
9638; 12; 13.9576; 6.55491; 73.1143; 13.6899; 6.58316; 0; 0; 7671; 1967
9638; 13; 14.3553; 6.26138; 76.2738; 13.9923; 6.206; 14.325; 6.60611; 8212; 1426
9658; 1; 9.2028; 5.44032; 38.4645; 9.20903; 5.78684; 8.76361; 5.25733; 2456; 7202
9658; 2; 9.00287; 6.16682; 45.5417; 8.75986; 6.42681; 8.7574; 5.90682; 1826; 7832
9658; 3; 9.90809; 5.51032; 44.9786; 9.5856; 5.45787; 0; 0; 2693; 6965
9658; 4; 9.98976; 6.42955; 55.5486; 10.0898; 5.96966; 0; 0; 4383; 5275
9658; 5; 12.077; 7.17006; 64.6608; 11.9013; 6.97918; 11.7676; 7.47175; 5954; 3704
9658; 6; 10.4832; 6.7887; 61.313; 10.3134; 6.36962; 0; 0; 4641; 5017
9658; 7; 11.4466; 7.76401; 61.6093; 11.5968; 7.27975; 0; 0; 5869; 3789
9658; 8; 11.5232; 6.81871; 63.8434; 11.1696; 6.48308; 0; 0; 5538; 4120
9658; 9; 10.7641; 6.19038; 57.2943; 10.7254; 6.44797; 10.3519; 6.11232; 5425; 4233
9658; 10; 12.8133; 6.74919; 65.1669; 12.3886; 6.92778; 0; 0; 6488; 3170
9658; 11; 13.3632; 6.92493; 74.9308; 13.0622; 6.80178; 0; 0; 7103; 2555
9658; 12; 13.9586; 6.55764; 73.1251; 13.693; 6.58387; 0; 0; 7671; 1987
9658; 13; 14.3564; 6.26411; 76.2846; 13.995; 6.20729; 14.3239; 6.61065; 8212; 1446
9692; 1; 9.20273; 5.44045; 38.465; 9.20903; 5.78698; 8.76361; 5.25733; 2456; 7236
9692; 2; 9.00287; 6.16682; 45.5417; 8.75986; 6.42681; 8.7574; 5.90682; 1826; 7866
9692; 3; 9.89881; 5.5168; 45.0194; 9.58553; 5.45806; 0; 0; 2693; 6999
9692; 4; 9.97601; 6.44541; 55.5271; 10.0714; 5.98218; 0; 0; 4383; 5309
9692; 5; 12.0699; 7.17568; 64.6607; 11.8963; 6.98577; 11.7626; 7.47834; 5954; 3738
9692; 6; 10.4912; 6.8016; 61.2146; 10.295; 6.38248; 0; 0; 4641; 5051
9692; 7; 11.4407; 7.77009; 61.6044; 11.5918; 7.28634; 0; 0; 5869; 3823
9692; 8; 11.5106; 6.82776; 63.8187; 11.1514; 6.49528; 0; 0; 5538; 4154
9692; 9; 10.7461; 6.20325; 57.2927; 10.7078; 6.46077; 10.3334; 6.12518; 5425; 4267
9692; 10; 12.8104; 6.75885; 65.1889; 12.3816; 6.93341; 0; 0; 6488; 3204
9692; 11; 13.3659; 6.94152; 74.9435; 13.0634; 6.81545; 0; 0; 7103; 2589
9692; 12; 13.9632; 6.578; 73.1244; 13.6974; 6.60316; 0; 0; 7671; 2021
9692; 13; 14.3609; 6.28446; 76.2839; 13.996; 6.2313; 14.3286; 6.63089; 8212; 1480
9720; 1; 9.20275; 5.44039; 38.4648; 9.20902; 5.78707; 8.76361; 5.25733; 2456; 7264
9720; 2; 9.00287; 6.16682; 45.5417; 8.75986; 6.42681; 8.7574; 5.90682; 1826; 7894
9720; 3; 9.89906; 5.51619; 45.0182; 9.58547; 5.4581; 0; 0; 2693; 7027
9720; 4; 9.97616; 6.44401; 55.5286; 10.0719; 5.98116; 0; 0; 4383; 5337
9720; 5; 12.0613; 7.18114; 64.6608; 11.8866; 6.99021; 11.7529; 7.48277; 5954; 3766
9720; 6; 10.4769; 6.80141; 61.2649; 10.2954; 6.38129; 0; 0; 4641; 5079
9720; 7; 11.4328; 7.77575; 61.6019; 11.5821; 7.29078; 0; 0; 5869; 3851
9720; 8; 11.5061; 6.83067; 63.8371; 11.1511; 6.49586; 0; 0; 5538; 4182
9720; 9; 10.7465; 6.2031; 57.2995; 10.7066; 6.46031; 10.3339; 6.12399; 5425; 4295
9720; 10; 12.8017; 6.76405; 65.188; 12.373; 6.93884; 0; 0; 6488; 3232
9720; 11; 13.3566; 6.94584; 74.9405; 13.0544; 6.82046; 0; 0; 7103; 2617
9720; 12; 13.953; 6.5821; 73.1272; 13.6878; 6.60679; 0; 0; 7671; 2049
9720; 13; 14.3507; 6.28857; 76.2867; 13.9859; 6.23518; 14.3178; 6.63546; 8212; 1508
9720; 14; 14.8626; 5.84674; 78.6455; 14.3943; 5.95853; 0; 0; 9720; 0
9756; 1; 9.2028; 5.44033; 38.4645; 9.20903; 5.78684; 8.76361; 5.25733; 2456; 7300
9756; 2; 9.00287; 6.16682; 45.5417; 8.75986; 6.42681; 8.7574; 5.90682; 1826; 7930
9756; 3; 9.89986; 5.51552; 45.0158; 9.58554; 5.45789; 0; 0; 2693; 7063
9756; 4; 9.97736; 6.44249; 55.5302; 10.0733; 5.98; 0; 0; 4383; 5373
9756; 5; 12.0709; 7.17389; 64.6608; 11.8956; 6.98197; 11.762; 7.47453; 5954; 3802
9756; 6; 10.4771; 6.79944; 61.2734; 10.297; 6.38; 0; 0; 4641; 5115
9756; 7; 11.4411; 7.76804; 61.607; 11.5912; 7.28254; 0; 0; 5869; 3887
9756; 8; 11.512; 6.82584; 63.82; 11.1489; 6.48638; 0; 0; 5538; 4218
9756; 9; 10.7479; 6.20086; 57.2975; 10.709; 6.45837; 10.3354; 6.1227; 5425; 4331
9756; 10; 12.8096; 6.75516; 65.179; 12.3826; 6.93159; 0; 0; 6488; 3268
9756; 11; 13.3632; 6.9361; 74.9438; 13.0607; 6.80993; 0; 0; 7103; 2653
9756; 12; 13.9614; 6.57191; 73.1198; 13.6948; 6.59782; 0; 0; 7671; 2085
9756; 13; 14.3592; 6.27837; 76.2793; 13.9931; 6.22606; 14.3278; 6.62404; 8212; 1544
9756; 14; 14.8649; 5.86636; 78.7571; 14.4027; 5.94457; 0; 0; 9720; 36
9788; 1; 9.20279; 5.44036; 38.4646; 9.20903; 5.78697; 8.76361; 5.25733; 2456; 7332
9788; 2; 9.00287; 6.16682; 45.5417; 8.75986; 6.42681; 8.7574; 5.90682; 1826; 7962
9788; 3; 9.89975; 5.51578; 45.0163; 9.58552; 5.45803; 0; 0; 2693; 7095
9788; 4; 9.97729; 6.44309; 55.5295; 10.0731; 5.98044; 0; 0; 4383; 5405
9788; 5; 12.0741; 7.17242; 64.6608; 11.8995; 6.98123; 11.7658; 7.47379; 5954; 3834
9788; 6; 10.4924; 6.79974; 61.2135; 10.2968; 6.38051; 0; 0; 4641; 5147
9788; 7; 11.4439; 7.76643; 61.6086; 11.595; 7.2818; 0; 0; 5869; 3919
9788; 8; 11.5135; 6.82544; 63.8125; 11.153; 6.49409; 0; 0; 5538; 4250
9788; 9; 10.7477; 6.20142; 57.2976; 10.7088; 6.45894; 10.3352; 6.12321; 5425; 4363
9788; 10; 12.8145; 6.75546; 65.1886; 12.3857; 6.93013; 0; 0; 6488; 3300
9788; 11; 13.369; 6.93628; 74.9357; 13.0674; 6.812; 0; 0; 7103; 2685
9788; 12; 13.9647; 6.57155; 73.1279; 13.6996; 6.59611; 0; 0; 7671; 2117
9788; 13; 14.3624; 6.27801; 76.2874; 13.9979; 6.22436; 14.3294; 6.62503; 8212; 1576
9788; 14; 14.8692; 5.86716; 78.7669; 14.4068; 5.94288; 0; 0; 9720; 68
9802; 1; 9.20768; 5.44443; 38.4629; 9.20903; 5.78686; 8.76361; 5.25733; 2456; 7346
9802; 2; 9.00287; 6.16682; 45.5417; 8.75986; 6.42681; 8.7574; 5.90682; 1826; 7976
9802; 3; 9.89959; 5.51565; 45.0161; 9.58557; 5.45797; 0; 0; 2693; 7109
9802; 4; 9.97822; 6.44313; 55.5328; 10.0731; 5.98075; 0; 0; 4383; 5419
9802; 5; 12.0734; 7.17352; 64.6608; 11.8984; 6.98209; 11.7647; 7.47465; 5954; 3848
9802; 6; 10.4798; 6.79943; 61.2712; 10.2984; 6.381; 0; 0; 4641; 5161
9802; 7; 11.4435; 7.76763; 61.6075; 11.5939; 7.28266; 0; 0; 5869; 3933
9802; 8; 11.5143; 6.82558; 63.8192; 11.1552; 6.49312; 0; 0; 5538; 4264
9802; 9; 10.7491; 6.20108; 57.2938; 10.7112; 6.45835; 10.3369; 6.1237; 5425; 4377
9802; 10; 12.8123; 6.75509; 65.1806; 12.3851; 6.93123; 0; 0; 6488; 3314
9802; 11; 13.3674; 6.93861; 74.9536; 13.0637; 6.81016; 0; 0; 7103; 2699
9802; 12; 13.9681; 6.57554; 73.1129; 13.7001; 6.60262; 0; 0; 7671; 2131
9802; 13; 14.3659; 6.28201; 76.2724; 13.9984; 6.23086; 14.3358; 6.62651; 8212; 1590
9802; 14; 14.8699; 5.87357; 78.7664; 14.4077; 5.94933; 0; 0; 9720; 82
9809; 1; 9.20772; 5.44446; 38.4629; 9.19928; 5.7687; 8.76361; 5.25733; 2456; 7353
9809; 2; 9.00287; 6.16682; 45.5417; 8.75986; 6.42681; 8.7574; 5.90682; 1826; 7983
9809; 3; 9.90119; 5.51506; 45.0102; 9.58343; 5.4617; 0; 0; 2693; 7116
9809; 4; 9.98042; 6.44132; 55.5365; 10.076; 5.97977; 0; 0; 4383; 5426
9809; 5; 12.0744; 7.17381; 64.6607; 11.8973; 6.98371; 11.7704; 7.47429; 5954; 3855
9809; 6; 10.4743; 6.79793; 61.3041; 10.2975; 6.3858; 0; 0; 4641; 5168
9809; 7; 11.444; 7.76778; 61.6093; 11.5929; 7.28428; 0; 0; 5869; 3940
9809; 8; 11.5163; 6.82513; 63.8242; 11.1617; 6.48581; 0; 0; 5538; 4271
9809; 9; 10.7522; 6.19979; 57.2937; 10.7157; 6.4701; 10.336; 6.1285; 5425; 4384
9809; 10; 12.8132; 6.7553; 65.1801; 12.3828; 6.94206; 0; 0; 6488; 3321
9809; 11; 13.3681; 6.9385; 74.9526; 13.0645; 6.81027; 0; 0; 7103; 2706
9809; 12; 13.9686; 6.57532; 73.1135; 13.7006; 6.60229; 0; 0; 7671; 2138
9809; 13; 14.3663; 6.28178; 76.2731; 13.999; 6.23053; 14.3361; 6.62639; 8212; 1597
9809; 14; 14.8705; 5.87302; 78.7655; 14.4083; 5.949; 0; 0; 9720; 89
9863; 1; 9.20774; 5.44449; 38.4629; 9.19928; 5.7687; 8.76361; 5.25733; 2456; 7407
9863; 2; 9.00287; 6.16682; 45.5417; 8.75986; 6.42681; 8.7574; 5.90682; 1826; 8037
9863; 3; 9.90023; 5.5159; 45.015; 9.58346; 5.46174; 0; 0; 2693; 7170
9863; 4; 9.97703; 6.44201; 55.5429; 10.0742; 5.98132; 0; 0; 4383; 5480
9863; 5; 12.0781; 7.1715; 64.6607; 11.9046; 6.98282; 11.7741; 7.47198; 5954; 3909
9863; 6; 10.4989; 6.79931; 61.2021; 10.2958; 6.38736; 0; 0; 4641; 5222
9863; 7; 11.4482; 7.76564; 61.6074; 11.6001; 7.28339; 0; 0; 5869; 3994
9863; 8; 11.5168; 6.82493; 63.8094; 11.1554; 6.48253; 0; 0; 5538; 4325
9863; 9; 10.7502; 6.20137; 57.2938; 10.7123; 6.47345; 10.3342; 6.13006; 5425; 4438
9863; 10; 12.8106; 6.74575; 65.1445; 12.3877; 6.93128; 0; 0; 6488; 3375
9863; 11; 13.3282; 6.87357; 74.7301; 13.0597; 6.80017; 0; 0; 7103; 2760
9863; 12; 13.8955; 6.46367; 73.1272; 13.6303; 6.48835; 0; 0; 7671; 2192
9863; 13; 14.2932; 6.17013; 76.2867; 13.9286; 6.1166; 14.2603; 6.51703; 8212; 1651
9863; 14; 14.8023; 5.74911; 78.7226; 14.3379; 5.83509; 0; 0; 9720; 143
9867; 1; 9.20772; 5.44448; 38.463; 9.19928; 5.7687; 8.76361; 5.25733; 2456; 7411
9867; 2; 9.00287; 6.16682; 45.5417; 8.75986; 6.42681; 8.7574; 5.90682; 1826; 8041
9867; 3; 9.89994; 5.51597; 45.0158; 9.58343; 5.46174; 0; 0; 2693; 7174
9867; 4; 9.97692; 6.44241; 55.5411; 10.0734; 5.9814; 0; 0; 4383; 5484
9867; 5; 12.0769; 7.17203; 64.6607; 11.9048; 6.98449; 11.7729; 7.47252; 5954; 3913
9867; 6; 10.4975; 6.7995; 61.2051; 10.2949; 6.38743; 0; 0; 4641; 5226
9867; 7; 11.4476; 7.76637; 61.6052; 11.6003; 7.28505; 0; 0; 5869; 3998
9867; 8; 11.5159; 6.82526; 63.8109; 11.1544; 6.48262; 0; 0; 5538; 4329
9867; 9; 10.7497; 6.20153; 57.2938; 10.7114; 6.47356; 10.3334; 6.13013; 5425; 4442
9867; 10; 12.8137; 6.75059; 65.1677; 12.3865; 6.92756; 0; 0; 6488; 3379
9867; 11; 13.3378; 6.8852; 74.747; 13.0645; 6.80667; 0; 0; 7103; 2764
9867; 12; 13.908; 6.47853; 73.1258; 13.6425; 6.50343; 0; 0; 7671; 2196
9867; 13; 14.3057; 6.18499; 76.2854; 13.9409; 6.13168; 14.2731; 6.53167; 8212; 1655
9867; 14; 14.8137; 5.7685; 78.7395; 14.3502; 5.85017; 0; 0; 9720; 147
9923; 1; 9.20771; 5.44445; 38.4629; 9.20902; 5.79574; 8.76361; 5.25733; 2456; 7467
9923; 2; 9.00287; 6.16682; 45.5417; 8.75986; 6.42681; 8.7574; 5.90682; 1826; 8097
9923; 3; 9.89996; 5.51566; 45.0155; 9.58634; 5.46796; 0; 0; 2693; 7230
9923; 4; 9.97713; 6.44203; 55.5405; 10.0737; 5.98077; 0; 0; 4383; 5540
9923; 5; 12.0773; 7.17114; 64.6607; 11.9025; 6.97998; 11.7733; 7.47162; 5954; 3969
9923; 6; 10.4812; 6.79941; 61.2683; 10.2952; 6.38679; 0; 0; 4641; 5282
9923; 7; 11.4477; 7.76539; 61.6061; 11.598; 7.28054; 0; 0; 5869; 4054
9923; 8; 11.5161; 6.82453; 63.8099; 11.1546; 6.48181; 0; 0; 5538; 4385
9923; 9; 10.7498; 6.20106; 57.2937; 10.7117; 6.47284; 10.3336; 6.12949; 5425; 4498
9923; 10; 12.8125; 6.74918; 65.161; 12.3889; 6.92885; 0; 0; 6488; 3435
9923; 11; 13.3647; 6.93092; 74.9648; 13.0619; 6.80398; 0; 0; 7103; 2820
9923; 12; 13.9652; 6.57171; 73.1202; 13.6986; 6.59755; 0; 0; 7671; 2252
9923; 13; 14.3629; 6.27817; 76.2797; 13.9969; 6.2258; 14.3314; 6.6239; 8212; 1711
9923; 14; 14.8695; 5.86357; 78.7433; 14.4062; 5.94428; 0; 0; 9720; 203
9931; 1; 9.20288; 5.44041; 38.4655; 9.20905; 5.7943; 8.76361; 5.25733; 2456; 7475
9931; 2; 9.00287; 6.16682; 45.5417; 8.75986; 6.42681; 8.7574; 5.90682; 1826; 8105
9931; 3; 9.89953; 5.51586; 45.0157; 9.58276; 5.46146; 0; 0; 2693; 7238
9931; 4; 9.97911; 6.4438; 55.5292; 10.0731; 5.98105; 0; 0; 4383; 5548
9931; 5; 12.0714; 7.17488; 64.6607; 11.8966; 6.98371; 11.7674; 7.47535; 5954; 3977
9931; 6; 10.4898; 6.79952; 61.233; 10.2946; 6.38707; 0; 0; 4641; 5290
9931; 7; 11.4456; 7.77046; 61.5905; 11.5921; 7.28428; 0; 0; 5869; 4062
9931; 8; 11.5129; 6.8265; 63.8223; 11.1541; 6.48207; 0; 0; 5538; 4393
9931; 9; 10.7492; 6.20128; 57.2937; 10.7111; 6.47313; 10.333; 6.12977; 5425; 4506
9931; 10; 12.8105; 6.75659; 65.1814; 12.3831; 6.93259; 0; 0; 6488; 3443
9931; 11; 13.3661; 6.9414; 74.9621; 13.056; 6.82073; 0; 0; 7103; 2828
9931; 12; 13.9652; 6.5825; 73.1257; 13.6997; 6.60742; 0; 0; 7671; 2260
9931; 13; 14.363; 6.28896; 76.2852; 13.9981; 6.23567; 14.3304; 6.63561; 8212; 1719
9931; 14; 14.8705; 5.87447; 78.7473; 14.4074; 5.95416; 0; 0; 9720; 211
9987; 1; 9.2028; 5.44036; 38.4646; 9.20902; 5.79342; 8.76361; 5.25733; 2456; 7531
9987; 2; 9.00287; 6.16682; 45.5417; 8.75986; 6.42681; 8.7574; 5.90682; 1826; 8161
9987; 3; 9.89979; 5.51582; 45.0161; 9.58291; 5.46123; 0; 0; 2693; 7294
9987; 4; 9.97663; 6.44223; 55.541; 10.0729; 5.98136; 0; 0; 4383; 5604
9987; 5; 12.0752; 7.17253; 64.6607; 11.9004; 6.98136; 11.7712; 7.47301; 5954; 4033
9987; 6; 10.4676; 6.79925; 61.3193; 10.2944; 6.3874; 0; 0; 4641; 5346
9987; 7; 11.4449; 7.76652; 61.6089; 11.5959; 7.28193; 0; 0; 5869; 4118
9987; 8; 11.5149; 6.82536; 63.8138; 11.1537; 6.48246; 0; 0; 5538; 4449
9987; 9; 10.7494; 6.20133; 57.2938; 10.7108; 6.47352; 10.3328; 6.1301; 5425; 4562
9987; 10; 12.8104; 6.75051; 65.1607; 12.3868; 6.93024; 0; 0; 6488; 3499
9987; 11; 13.3622; 6.92966; 74.9537; 13.0558; 6.80503; 0; 0; 7103; 2884
9987; 12; 13.9609; 6.5684; 73.1236; 13.6932; 6.60093; 0; 0; 7671; 2316
9987; 13; 14.3586; 6.27486; 76.2831; 14.0049; 6.22782; 14.3264; 6.62116; 8212; 1775
9994; 1; 9.2028; 5.44034; 38.4645; 9.20903; 5.79887; 8.76361; 5.25733; 2456; 7538
9994; 2; 9.00287; 6.16682; 45.5417; 8.75986; 6.42681; 8.7574; 5.90682; 1826; 8168
9994; 3; 9.89983; 5.51549; 45.0158; 9.58064; 5.46374; 0; 0; 2693; 7301
9994; 4; 9.97661; 6.44168; 55.5415; 10.0734; 5.98054; 0; 0; 4383; 5611
9994; 5; 12.0759; 7.17147; 64.6608; 11.9; 6.98013; 11.7663; 7.47269; 5954; 4040
9994; 6; 10.4699; 6.79887; 61.3104; 10.2987; 6.38076; 0; 0; 4641; 5353
9994; 7; 11.4449; 7.7652; 61.6118; 11.5955; 7.2807; 0; 0; 5869; 4125
9994; 8; 11.5152; 6.82454; 63.8123; 11.1556; 6.49289; 0; 0; 5538; 4456
9994; 9; 10.7495; 6.20086; 57.2937; 10.7115; 6.45809; 10.3372; 6.12346; 5425; 4569
9994; 10; 12.8122; 6.75043; 65.1662; 12.3876; 6.92918; 0; 0; 6488; 3506
9994; 11; 13.3642; 6.92879; 74.946; 13.0614; 6.8021; 0; 0; 7103; 2891
9994; 12; 13.961; 6.5654; 73.1272; 13.696; 6.59111; 0; 0; 7671; 2323
9994; 13; 14.3587; 6.27186; 76.2867; 13.9941; 6.21833; 14.3258; 6.61876; 8212; 1782
10047; 1; 9.20281; 5.44033; 38.4645; 9.19928; 5.7687; 8.76361; 5.25733; 2456; 7591
10047; 2; 9.00287; 6.16682; 45.5417; 8.75986; 6.42681; 8.7574; 5.90682; 1826; 8221
10047; 3; 9.9; 5.51545; 45.0154; 9.58046; 5.45879; 0; 0; 2693; 7354
10047; 4; 9.9771; 6.44171; 55.5406; 10.0735; 5.98013; 0; 0; 4383; 5664
10047; 5; 12.0779; 7.17028; 64.6608; 11.9031; 6.97911; 11.7739; 7.47074; 5954; 4093
10047; 6; 10.4854; 6.79908; 61.2521; 10.295; 6.38615; 0; 0; 4641; 5406
10047; 7; 11.4481; 7.76443; 61.6071; 11.5986; 7.27967; 0; 0; 5869; 4178
10047; 8; 11.5164; 6.82391; 63.8084; 11.1544; 6.48105; 0; 0; 5538; 4509
10047; 9; 10.7498; 6.20076; 57.2936; 10.7115; 6.47217; 10.3334; 6.12885; 5425; 4622
10047; 10; 12.8183; 6.75326; 65.1884; 12.3895; 6.92798; 0; 0; 6488; 3559
10047; 11; 13.3726; 6.93383; 74.9349; 13.0711; 6.80975; 0; 0; 7103; 2944
10047; 12; 13.9682; 6.56781; 73.127; 13.7031; 6.59364; 0; 0; 7671; 2376
10047; 13; 14.3659; 6.27427; 76.2865; 14.0051; 6.21703; 14.3331; 6.62115; 8212; 1835
10054; 1; 9.20279; 5.44034; 38.4646; 9.20902; 5.79308; 8.76361; 5.25733; 2456; 7598
10054; 2; 9.00287; 6.16682; 45.5417; 8.75986; 6.42681; 8.7574; 5.90682; 1826; 8228
10054; 3; 9.89963; 5.51558; 45.0162; 9.58329; 5.46128; 0; 0; 2693; 7361
10054; 4; 9.97649; 6.44198; 55.5405; 10.0731; 5.98069; 0; 0; 4383; 5671
10054; 5; 12.074; 7.17265; 64.6608; 11.8984; 6.98116; 11.7647; 7.47372; 5954; 4100
10054; 6; 10.4772; 6.79929; 61.281; 10.2934; 6.38533; 0; 0; 4641; 5413
10054; 7; 11.4436; 7.76658; 61.6094; 11.5939; 7.28173; 0; 0; 5869; 4185
10054; 8; 11.5141; 6.8252; 63.8159; 11.1553; 6.49304; 0; 0; 5538; 4516
10054; 9; 10.7491; 6.20101; 57.2937; 10.7111; 6.45825; 10.3318; 6.12803; 5425; 4629
10054; 10; 12.8139; 6.75514; 65.1857; 12.3856; 6.93035; 0; 0; 6488; 3566
10054; 11; 13.3679; 6.93555; 74.9364; 13.0662; 6.81114; 0; 0; 7103; 2951
10054; 12; 13.9635; 6.56999; 73.1277; 13.6986; 6.59562; 0; 0; 7671; 2383
10054; 13; 14.3613; 6.27645; 76.2872; 13.9967; 6.22283; 14.3283; 6.62344; 8212; 1842
10103; 1; 9.20281; 5.44035; 38.4645; 9.19928; 5.7687; 8.76361; 5.25733; 2456; 7647
10103; 2; 9.00287; 6.16682; 45.5417; 8.75986; 6.42681; 8.7574; 5.90682; 1826; 8277
10103; 3; 9.90808; 5.51062; 44.9792; 9.58047; 5.45882; 0; 0; 2693; 7410
10103; 4; 9.99022; 6.43044; 55.5465; 10.0897; 5.97016; 0; 0; 4383; 5720
10103; 5; 12.0821; 7.16773; 64.6607; 11.9073; 6.97656; 11.7781; 7.4682; 5954; 4149
10103; 6; 10.5109; 6.78934; 61.2066; 10.3134; 6.37021; 0; 0; 4641; 5462
10103; 7; 11.4547; 7.76277; 61.5969; 11.6028; 7.27713; 0; 0; 5869; 4234
10103; 8; 11.5258; 6.8179; 63.8324; 11.1697; 6.48375; 0; 0; 5538; 4565
10103; 9; 10.7641; 6.19105; 57.2943; 10.7255; 6.44863; 10.3519; 6.11291; 5425; 4678
10103; 10; 12.8186; 6.74694; 65.1676; 12.3937; 6.92544; 0; 0; 6488; 3615
10103; 11; 13.3688; 6.92331; 74.9331; 13.0675; 6.79964; 0; 0; 7103; 3000
10103; 12; 13.9663; 6.55626; 73.1176; 13.6992; 6.58254; 0; 0; 7671; 2432
10103; 13; 14.364; 6.26273; 76.2771; 13.9973; 6.21113; 14.333; 6.60802; 8212; 1891
10103; 14; 14.7098; 5.55281; 77.3406; 14.4071; 5.93311; 0; 0; 10103; 0
10115; 1; 9.20282; 5.44036; 38.4645; 9.19928; 5.7687; 8.76361; 5.25733; 2456; 7659
10115; 2; 9.00287; 6.16682; 45.5417; 8.75986; 6.42681; 8.7574; 5.90682; 1826; 8289
10115; 3; 9.90799; 5.51089; 44.98; 9.58048; 5.45885; 0; 0; 2693; 7422
10115; 4; 9.99011; 6.43102; 55.5461; 10.0895; 5.97064; 0; 0; 4383; 5732
10115; 5; 12.0773; 7.17141; 64.6607; 11.9025; 6.98025; 11.7733; 7.4719; 5954; 4161
10115; 6; 10.5145; 6.78968; 61.1921; 10.3114; 6.37186; 0; 0; 4641; 5474
10115; 7; 11.4461; 7.76509; 61.6126; 11.598; 7.28082; 0; 0; 5869; 4246
10115; 8; 11.5233; 6.82009; 63.843; 11.1696; 6.48435; 0; 0; 5538; 4577
10115; 9; 10.764; 6.19164; 57.2944; 10.7253; 6.44921; 10.3499; 6.11457; 5425; 4690
10115; 10; 12.8144; 6.75128; 65.1711; 12.3889; 6.92913; 0; 0; 6488; 3627
10115; 11; 13.3667; 6.93096; 74.9446; 13.064; 6.80463; 0; 0; 7103; 3012
10115; 12; 13.9642; 6.56764; 73.1239; 13.6983; 6.59286; 0; 0; 7671; 2444
10115; 13; 14.3619; 6.2741; 76.2834; 13.9966; 6.22111; 14.3297; 6.62045; 8212; 1903
10115; 14; 14.6974; 5.55986; 77.2928; 14.406; 5.9396; 0; 0; 10103; 12
10139; 1; 9.20281; 5.44035; 38.4645; 9.19928; 5.7687; 8.76361; 5.25733; 2456; 7683
10139; 2; 9.00287; 6.16682; 45.5417; 8.75986; 6.42681; 8.7574; 5.90682; 1826; 8313
10139; 3; 9.90716; 5.51127; 44.9835; 9.58047; 5.45883; 0; 0; 2693; 7446
10139; 4; 9.98842; 6.43176; 55.5462; 10.0879; 5.97144; 0; 0; 4383; 5756
10139; 5; 12.0753; 7.17219; 64.6607; 11.9005; 6.98103; 11.7713; 7.47268; 5954; 4185
10139; 6; 10.485; 6.79082; 61.2991; 10.312; 6.37126; 0; 0; 4641; 5498
10139; 7; 11.4452; 7.76624; 61.6085; 11.5961; 7.2816; 0; 0; 5869; 4270
10139; 8; 11.5215; 6.82083; 63.8434; 11.1673; 6.4737; 0; 0; 5538; 4601
10139; 9; 10.7623; 6.19234; 57.2944; 10.724; 6.46395; 10.3504; 6.11396; 5425; 4714
10139; 10; 12.81; 6.74978; 65.1582; 12.387; 6.92992; 0; 0; 6488; 3651
10139; 11; 13.3614; 6.93052; 74.9589; 13.0572; 6.80082; 0; 0; 7103; 3036
10139; 12; 13.9598; 6.57114; 73.1275; 13.6947; 6.59578; 0; 0; 7671; 2468
10139; 13; 14.3576; 6.27761; 76.287; 13.993; 6.22402; 14.3246; 6.62455; 8212; 1927
10139; 14; 14.6731; 5.55681; 77.2102; 14.4023; 5.94253; 0; 0; 10103; 36
10174; 1; 9.20273; 5.44043; 38.465; 9.20903; 5.78703; 8.76361; 5.25733; 2456; 7718
10174; 2; 9.00287; 6.16682; 45.5417; 8.75986; 6.42681; 8.7574; 5.90682; 1826; 8348
10174; 3; 9.89868; 5.51657; 45.0194; 9.58547; 5.45805; 0; 0; 2693; 7481
10174; 4; 9.9751; 6.44456; 55.53; 10.0712; 5.98181; 0; 0; 4383; 5791
10174; 5; 12.0718; 7.17332; 64.6607; 11.8974; 6.9828; 11.7637; 7.47536; 5954; 4220
10174; 6; 10.4856; 6.80123; 61.2349; 10.2947; 6.38203; 0; 0; 4641; 5533
10174; 7; 11.4436; 7.76807; 61.6003; 11.5929; 7.28337; 0; 0; 5869; 4305
10174; 8; 11.5114; 6.82623; 63.8133; 11.151; 6.49472; 0; 0; 5538; 4636
10174; 9; 10.7457; 6.20268; 57.2926; 10.7075; 6.46021; 10.3331; 6.12473; 5425; 4749
10174; 10; 12.8081; 6.75236; 65.1666; 12.3835; 6.93103; 0; 0; 6488; 3686
10174; 11; 13.3617; 6.93574; 74.9638; 13.0569; 6.8049; 0; 0; 7103; 3071
10174; 12; 13.9613; 6.57695; 73.1241; 13.6955; 6.60214; 0; 0; 7671; 2503
10174; 13; 14.359; 6.28341; 76.2836; 13.9938; 6.23039; 14.3268; 6.6298; 8212; 1962
10174; 14; 14.7139; 5.57649; 77.3723; 14.4032; 5.94888; 0; 0; 10103; 71
10211; 1; 9.2028; 5.44032; 38.4645; 9.19928; 5.7687; 8.76361; 5.25733; 2456; 7755
10211; 2; 9.00287; 6.16682; 45.5417; 8.75986; 6.42681; 8.7574; 5.90682; 1826; 8385
10211; 3; 9.90127; 5.51459; 45.0095; 9.58045; 5.45876; 0; 0; 2693; 7518
10211; 4; 9.97884; 6.4398; 55.5362; 10.0761; 5.97802; 0; 0; 4383; 5828
10211; 5; 12.0753; 7.1709; 64.6608; 11.9005; 6.97973; 11.7713; 7.47136; 5954; 4257
10211; 6; 10.4777; 6.79752; 61.2817; 10.2957; 6.38427; 0; 0; 4641; 5570
10211; 7; 11.4447; 7.76477; 61.6101; 11.5961; 7.2803; 0; 0; 5869; 4342
10211; 8; 11.5156; 6.82338; 63.8164; 11.1593; 6.48499; 0; 0; 5538; 4673
10211; 9; 10.7507; 6.19898; 57.2974; 10.7131; 6.46895; 10.3342; 6.12697; 5425; 4786
10211; 10; 12.8125; 6.75081; 65.1714; 12.387; 6.92861; 0; 0; 6488; 3723
10211; 11; 13.3645; 6.92989; 74.9417; 13.0622; 6.80421; 0; 0; 7103; 3108
10211; 12; 13.9628; 6.565; 73.1186; 13.6959; 6.59112; 0; 0; 7671; 2540
10211; 13; 14.3605; 6.27146; 76.2781; 13.9942; 6.21937; 14.3294; 6.61692; 8212; 1999
10211; 14; 14.7133; 5.56504; 77.3682; 14.4035; 5.93785; 0; 0; 10103; 108
10238; 1; 9.20282; 5.44036; 38.4645; 9.20903; 5.78687; 8.76361; 5.25733; 2456; 7782
10238; 2; 9.00287; 6.16682; 45.5417; 8.75986; 6.42681; 8.7574; 5.90682; 1826; 8412
10238; 3; 9.90366; 5.51364; 44.9997; 9.58558; 5.458; 0; 0; 2693; 7545
10238; 4; 9.98243; 6.43715; 55.5416; 10.0808; 5.97613; 0; 0; 4383; 5855
10238; 5; 12.072; 7.1749; 64.6607; 11.8972; 6.98347; 11.7635; 7.47604; 5954; 4284
10238; 6; 10.4793; 6.79566; 61.2943; 10.3046; 6.37623; 0; 0; 4641; 5597
10238; 7; 11.4434; 7.7695; 61.6022; 11.5927; 7.28404; 0; 0; 5869; 4369
10238; 8; 11.5164; 6.82461; 63.8356; 11.159; 6.48579; 0; 0; 5538; 4700
10238; 9; 10.7556; 6.19717; 57.2976; 10.7167; 6.4547; 10.343; 6.11893; 5425; 4813
10238; 10; 12.8075; 6.75322; 65.1626; 12.3837; 6.93261; 0; 0; 6488; 3750
10238; 11; 13.3604; 6.93601; 74.9643; 13.0556; 6.80503; 0; 0; 7103; 3135
10238; 12; 13.9616; 6.57602; 73.1162; 13.6942; 6.60255; 0; 0; 7671; 2567
10238; 13; 14.3594; 6.28249; 76.2757; 13.9926; 6.23079; 14.3287; 6.62753; 8212; 2026
10238; 14; 14.7138; 5.5774; 77.3774; 14.4019; 5.94927; 0; 0; 10103; 135
10269; 1; 9.20258; 5.43985; 38.4638; 9.19928; 5.7687; 8.76361; 5.25733; 2456; 7813
10269; 2; 9.00287; 6.16682; 45.5417; 8.75986; 6.42681; 8.7574; 5.90682; 1826; 8443
10269; 3; 9.91701; 5.49717; 44.9215; 9.57981; 5.45764; 0; 0; 2693; 7576
10269; 4; 10.006; 6.40247; 55.5559; 10.1034; 5.94453; 0; 0; 4383; 5886
10269; 5; 12.184; 7.05936; 64.6611; 12.0029; 6.86514; 11.8691; 7.35764; 5954; 4315
10269; 6; 10.5081; 6.7613; 61.281; 10.3047; 6.35325; 0; 0; 4641; 5628
10269; 7; 11.5365; 7.64621; 61.6805; 11.6984; 7.16571; 0; 0; 5869; 4400
10269; 8; 11.5836; 6.74775; 63.609; 11.1842; 6.43838; 0; 0; 5538; 4731
10269; 9; 10.7813; 6.16311; 57.2953; 10.7367; 6.41998; 10.3432; 6.09595; 5425; 4844
10269; 10; 12.9084; 6.62174; 65.0965; 12.4907; 6.81304; 0; 0; 6488; 3781
10269; 11; 13.4111; 6.73083; 74.6998; 13.1446; 6.66106; 0; 0; 7103; 3166
10269; 12; 13.9581; 6.3248; 73.1984; 13.7077; 6.33846; 0; 0; 7671; 2598
10269; 13; 14.3551; 6.03059; 76.3595; 14.0057; 5.96577; 14.3075; 6.38934; 8212; 2057
10269; 14; 14.6678; 5.29354; 77.1395; 14.415; 5.68426; 0; 0; 10103; 166
10284; 1; 9.20697; 5.44365; 38.4627; 9.20903; 5.78809; 8.76361; 5.25733; 2456; 7828
10284; 2; 9.00287; 6.16682; 45.5417; 8.75986; 6.42681; 8.7574; 5.90682; 1826; 8458
10284; 3; 9.94066; 5.47484; 44.7924; 9.58457; 5.45791; 0; 0; 2693; 7591
10284; 4; 10.0612; 6.36348; 55.5414; 10.1627; 5.90152; 0; 0; 4383; 5901
10284; 5; 12.2432; 7.01125