6429; 1; 9.05326; 7.73514; 55.1453; 8.76203; 7.99166; 0; 0; 1331; 5098
6429; 2; 9.47141; 8.00585; 58.276; 9.30568; 7.61499; 9.21878; 8.12655; 1585; 4844
6429; 3; 9.74936; 7.27227; 54.2923; 9.70955; 7.61423; 0; 0; 1621; 4808
6429; 4; 10.5; 7.94641; 60.5699; 10.1259; 7.60787; 0; 0; 1997; 4432
6429; 5; 11.2114; 7.67972; 61.4072; 11.0087; 7.47954; 0; 0; 2794; 3635
6429; 6; 10.5628; 7.38623; 57.1741; 10.5464; 7.64623; 10.1343; 7.35187; 2289; 4140
6429; 7; 11.2683; 7.0052; 59.7655; 11.3968; 7.24301; 11.1382; 7.2235; 2988; 3441
6429; 8; 10.4859; 6.52425; 54.7412; 10.4483; 7.0062; 0; 0; 2517; 3912
6429; 9; 10.0894; 5.60605; 54.4447; 10.3132; 6.06269; 0; 0; 2767; 3662
6429; 10; 9.26052; 5.18285; 43.9822; 8.76373; 5.10299; 0; 0; 6284; 145
6429; 11; 12.8976; 5.37526; 45.9709; 12.7164; 5.84412; 0; 0; 4559; 1870
6429; 12; 12.263; 7.00725; 62.4641; 11.7717; 7.06629; 0; 0; 3368; 3061
6429; 13; 12.5681; 6.49439; 62.994; 12.6662; 6.72488; 12.409; 6.68374; 3569; 2860
6429; 14; 12.3831; 6.04073; 62.9733; 12.7326; 6.30676; 12.2181; 6.22873; 3742; 2687
6429; 15; 11.7347; 6.37124; 57.8261; 11.6683; 6.82573; 0; 0; 3916; 2513
6429; 16; 11.0369; 6.20312; 52.4883; 11.4343; 6.07425; 0; 0; 4038; 2391
6429; 19; 15.1589; 5.6131; 84.7373; 14.655; 5.59728; 0; 0; 6349; 80
6429; 20; 13.8859; 5.147; 73.5719; 13.5788; 4.83927; 13.7092; 5.34466; 5796; 633
6429; 21; 14.3506; 5.30018; 79.8693; 14.1738; 5.49074; 14.1113; 5.23858; 5978; 451
6429; 22; 13.4015; 5.03302; 70.4271; 13.2259; 5.21377; 13.1599; 4.96489; 5342; 1087
6429; 23; 10.7035; 5.17598; 46.6382; 10.3085; 5.11512; 0; 0; 6360; 69
6429; 24; 9.91316; 4.82599; 41.2646; 10.056; 5.16748; 0; 0; 5169; 1260
6429; 25; 10.2773; 4.50285; 44.4101; 9.85886; 4.55697; 10.3297; 4.77183; 5489; 940
6429; 28; 9.94507; 3.98356; 43.7032; 9.86899; 4.22354; 0; 0; 6028; 401
6437; 1; 9.05277; 7.73401; 55.1437; 8.76203; 7.99166; 0; 0; 1331; 5106
6437; 2; 9.47095; 8.00489; 58.2747; 9.30491; 7.61347; 9.21875; 8.12613; 1585; 4852
6437; 3; 9.74664; 7.27167; 54.2836; 9.71227; 7.61005; 0; 0; 1621; 4816
6437; 4; 10.499; 7.94369; 60.5698; 10.122; 7.60772; 0; 0; 1997; 4440
6437; 5; 11.2095; 7.6762; 61.4114; 11.0087; 7.47721; 0; 0; 2794; 3643
6437; 6; 10.5617; 7.38352; 57.1732; 10.5526; 7.63936; 10.1305; 7.35171; 2289; 4148
6437; 7; 11.2674; 7.00185; 59.7655; 11.3872; 7.22025; 11.1286; 7.20074; 2988; 3449
6437; 8; 10.4845; 6.521; 54.741; 10.4476; 7.00373; 0; 0; 2517; 3920
6437; 9; 10.09; 5.59967; 54.4522; 10.3119; 6.05845; 0; 0; 2767; 3670
6437; 11; 12.8969; 5.37235; 45.9702; 12.7159; 5.84114; 0; 0; 4559; 1878
6437; 12; 12.2624; 7.00398; 62.465; 11.7725; 7.05957; 0; 0; 3368; 3069
6437; 13; 12.5676; 6.49135; 62.9941; 12.6657; 6.72185; 12.4085; 6.6807; 3569; 2868
6437; 14; 12.3826; 6.03772; 62.9734; 12.7321; 6.30378; 12.2181; 6.22572; 3742; 2695
6437; 15; 11.734; 6.36903; 57.8257; 11.669; 6.81901; 0; 0; 3916; 2521
6437; 16; 11.0378; 6.19957; 52.489; 11.4335; 6.06843; 0; 0; 4038; 2399
6437; 19; 15.1585; 5.61668; 84.7618; 14.6554; 5.5911; 0; 0; 6349; 88
6437; 20; 13.885; 5.14407; 73.572; 13.5767; 4.836; 13.7097; 5.33852; 5796; 641
6437; 21; 14.3498; 5.29727; 79.8693; 14.1823; 5.47208; 14.1199; 5.21992; 5978; 459
6437; 22; 13.4006; 5.03008; 70.4271; 13.2353; 5.2067; 13.1692; 4.95782; 5342; 1095
6437; 23; 10.7082; 5.16855; 46.6438; 10.3128; 5.10871; 0; 0; 6360; 77
6437; 24; 9.91589; 4.81765; 41.2657; 10.0544; 5.15125; 0; 0; 5169; 1268
6437; 25; 10.28; 4.49455; 44.4117; 9.86143; 4.5489; 10.3339; 4.76541; 5489; 948
6437; 28; 9.94925; 3.97905; 43.7201; 9.87051; 4.2168; 0; 0; 6028; 409
6446; 1; 9.05262; 7.73414; 55.1434; 8.76203; 7.99166; 0; 0; 1331; 5115
6446; 2; 9.47081; 8.005; 58.2744; 9.30467; 7.61359; 9.21872; 8.12619; 1585; 4861
6446; 3; 9.747; 7.27135; 54.2869; 9.71202; 7.6102; 0; 0; 1621; 4825
6446; 4; 10.4993; 7.94342; 60.5664; 10.1217; 7.60795; 0; 0; 1997; 4449
6446; 5; 11.2118; 7.67591; 61.4024; 11.0085; 7.47569; 0; 0; 2794; 3652
6446; 6; 10.5613; 7.38382; 57.1718; 10.5461; 7.64258; 10.1302; 7.35194; 2289; 4157
6446; 7; 11.2674; 7.00124; 59.7655; 11.3961; 7.23675; 11.1375; 7.21725; 2988; 3458
6446; 8; 10.4822; 6.52287; 54.7357; 10.447; 7.00437; 0; 0; 2517; 3929
6446; 9; 10.0865; 5.60357; 54.4533; 10.3077; 6.05273; 0; 0; 2767; 3679
6446; 11; 12.899; 5.36898; 45.9778; 12.7053; 5.83816; 0; 0; 4559; 1887
6446; 12; 12.2624; 7.00173; 62.4619; 11.772; 7.06052; 0; 0; 3368; 3078
6446; 13; 12.5675; 6.48814; 62.9941; 12.6655; 6.71864; 12.4084; 6.6775; 3569; 2877
6446; 14; 12.3826; 6.03437; 62.9728; 12.7323; 6.30102; 12.2171; 6.22411; 3742; 2704
6446; 15; 11.7339; 6.36827; 57.8252; 11.6686; 6.81995; 0; 0; 3916; 2530
6446; 16; 11.0369; 6.19831; 52.4911; 11.4336; 6.06708; 0; 0; 4038; 2408
6446; 19; 15.1626; 5.61381; 84.7617; 14.6591; 5.59016; 0; 0; 6349; 97
6446; 20; 13.8889; 5.14138; 73.5715; 13.5829; 4.83222; 13.7133; 5.33759; 5796; 650
6446; 21; 14.3538; 5.29449; 79.8693; 14.1779; 5.48371; 14.1154; 5.23156; 5978; 468
6446; 22; 13.4046; 5.02735; 70.4273; 13.23; 5.20673; 13.164; 4.95785; 5342; 1104
6446; 23; 10.7057; 5.17066; 46.6363; 10.3027; 5.10295; 0; 0; 6360; 86
6446; 24; 9.91251; 4.82141; 41.266; 10.0569; 5.15782; 0; 0; 5169; 1277
6446; 25; 10.2767; 4.49836; 44.4122; 9.85809; 4.55258; 10.3238; 4.75966; 5489; 957
6446; 28; 9.94302; 3.97448; 43.6872; 9.86735; 4.21624; 0; 0; 6028; 418
6451; 1; 9.05221; 7.7343; 55.1424; 8.76203; 7.99166; 0; 0; 1331; 5120
6451; 2; 9.47044; 8.00512; 58.2736; 9.30402; 7.61371; 9.21865; 8.12626; 1585; 4866
6451; 3; 9.74657; 7.27133; 54.2887; 9.71135; 7.61035; 0; 0; 1621; 4830
6451; 4; 10.4988; 7.94348; 60.5645; 10.1209; 7.60822; 0; 0; 1997; 4454
6451; 5; 11.2113; 7.67536; 61.3933; 11.007; 7.47725; 0; 0; 2794; 3657
6451; 6; 10.5601; 7.38403; 57.1721; 10.5513; 7.64005; 10.1294; 7.35222; 2289; 4162
6451; 7; 11.2646; 7.00036; 59.7655; 11.3844; 7.21875; 11.1258; 7.19924; 2988; 3463
6451; 8; 10.4869; 6.52314; 54.7467; 10.4464; 7.00484; 0; 0; 2517; 3934
6451; 9; 10.0925; 5.60492; 54.4482; 10.3152; 6.05402; 0; 0; 2767; 3684
6451; 11; 12.8972; 5.37207; 45.9933; 12.7105; 5.83828; 0; 0; 4559; 1892
6451; 12; 12.2572; 7.00186; 62.4639; 11.7688; 7.0573; 0; 0; 3368; 3083
6451; 13; 12.5618; 6.4892; 62.9922; 12.6598; 6.71968; 12.4026; 6.67853; 3569; 2882
6451; 14; 12.3762; 6.03537; 62.9711; 12.7268; 6.30093; 12.2121; 6.22348; 3742; 2709
6451; 15; 11.7225; 6.36642; 57.7952; 11.6654; 6.81674; 0; 0; 3916; 2535
6451; 19; 15.1645; 5.61844; 84.7603; 14.6615; 5.59337; 0; 0; 6349; 102
6451; 20; 13.8907; 5.14648; 73.5713; 13.5824; 4.83829; 13.7151; 5.34115; 5796; 655
6451; 21; 14.3558; 5.29956; 79.8692; 14.1882; 5.47442; 14.1257; 5.22226; 5978; 473
6451; 22; 13.4063; 5.03244; 70.4275; 13.241; 5.20906; 13.1749; 4.96018; 5342; 1109
6451; 23; 10.7086; 5.17006; 46.6243; 10.3139; 5.1148; 0; 0; 6360; 91
6451; 24; 9.9162; 4.82443; 41.2632; 10.056; 5.15707; 0; 0; 5169; 1282
6451; 25; 10.2804; 4.50135; 44.4086; 9.8615; 4.55626; 10.335; 4.77151; 5489; 962
6451; 28; 9.94644; 3.97962; 43.6925; 9.87036; 4.22425; 0; 0; 6028; 423
6453; 1; 9.05131; 7.73458; 55.1404; 8.76203; 7.99166; 0; 0; 1331; 5122
6453; 2; 9.46962; 8.00535; 58.2718; 9.3026; 7.61391; 9.2185; 8.12641; 1585; 4868
6453; 3; 9.74552; 7.27126; 54.292; 9.70991; 7.61063; 0; 0; 1621; 4832
6453; 4; 10.4979; 7.94337; 60.5597; 10.1192; 7.60871; 0; 0; 1997; 4456
6453; 5; 11.2088; 7.67346; 61.3925; 11.005; 7.47713; 0; 0; 2794; 3659
6453; 6; 10.558; 7.38458; 57.17; 10.5494; 7.64075; 10.1277; 7.35271; 2289; 4164
6453; 7; 11.2619; 6.99854; 59.7657; 11.3817; 7.21688; 11.1231; 7.19737; 2988; 3465
6453; 8; 10.484; 6.52795; 54.7448; 10.4444; 7.00618; 0; 0; 2517; 3936
6453; 9; 10.0914; 5.61643; 54.4445; 10.3185; 6.06126; 0; 0; 2767; 3686
6453; 11; 12.8925; 5.36303; 45.9963; 12.7051; 5.82933; 0; 0; 4559; 1894
6453; 12; 12.2528; 6.99574; 62.4551; 11.7658; 7.05468; 0; 0; 3368; 3085
6453; 13; 12.5564; 6.48054; 62.9923; 12.6543; 6.71102; 12.3971; 6.66987; 3569; 2884
6453; 14; 12.3707; 6.0265; 62.9704; 12.7213; 6.29197; 12.2065; 6.21482; 3742; 2711
6453; 15; 11.7171; 6.36466; 57.7855; 11.6623; 6.81412; 0; 0; 3916; 2537
6453; 17; 10.9058; 5.61672; 49.6812; 10.5829; 5.5379; 11.0142; 5.25213; 6454; -1
6453; 19; 15.1608; 5.60989; 84.7615; 14.6577; 5.58453; 0; 0; 6349; 104
6453; 20; 13.8868; 5.13769; 73.5712; 13.5785; 4.82955; 13.7111; 5.33247; 5796; 657
6453; 21; 14.352; 5.29071; 79.8692; 14.1842; 5.46564; 14.1218; 5.21349; 5978; 475
6453; 22; 13.4023; 5.02372; 70.4277; 13.237; 5.20033; 13.171; 4.95145; 5342; 1111
6453; 23; 10.6965; 5.16633; 46.5444; 10.3112; 5.12789; 0; 0; 6360; 93
6453; 24; 9.91406; 4.84074; 41.2559; 10.0579; 5.18016; 0; 0; 5169; 1284
6453; 25; 10.2784; 4.51757; 44.3988; 9.85953; 4.57575; 10.3323; 4.7846; 5489; 964
6453; 28; 9.94045; 3.98885; 43.6532; 9.8674; 4.24279; 0; 0; 6028; 425
6461; 1; 9.05155; 7.73485; 55.1411; 8.76203; 7.99166; 0; 0; 1331; 5130
6461; 2; 9.46984; 8.00558; 58.2724; 9.30301; 7.6142; 9.21853; 8.12651; 1585; 4876
6461; 3; 9.74529; 7.27234; 54.2885; 9.71031; 7.61096; 0; 0; 1621; 4840
6461; 4; 10.4981; 7.94422; 60.561; 10.1197; 7.6092; 0; 0; 1997; 4464
6461; 5; 11.2046; 7.6746; 61.4093; 11.0053; 7.47813; 0; 0; 2794; 3667
6461; 6; 10.5585; 7.38523; 57.1715; 10.5499; 7.64137; 10.1281; 7.3532; 2289; 4172
6461; 7; 11.262; 7.00018; 59.7655; 11.3819; 7.21857; 11.1232; 7.19907; 2988; 3473
6461; 8; 10.4851; 6.52734; 54.7467; 10.445; 7.00642; 0; 0; 2517; 3944
6461; 9; 10.0932; 5.61289; 54.4467; 10.3222; 6.05682; 0; 0; 2767; 3694
6461; 11; 12.878; 5.33991; 45.9768; 12.695; 5.80934; 0; 0; 4559; 1902
6461; 12; 12.2477; 6.98666; 62.409; 11.7658; 7.05649; 0; 0; 3368; 3093
6461; 13; 12.5465; 6.46041; 62.9926; 12.6445; 6.69088; 12.3873; 6.64973; 3569; 2892
6461; 14; 12.3607; 6.00638; 62.9709; 12.7112; 6.27198; 12.1967; 6.1946; 3742; 2719
6461; 15; 11.7182; 6.36619; 57.7887; 11.6624; 6.81593; 0; 0; 3916; 2545
6461; 17; 10.9161; 5.6248; 49.7405; 10.5867; 5.53103; 11.035; 5.27022; 6454; 7
6461; 19; 15.1413; 5.58103; 84.7492; 14.6385; 5.55885; 0; 0; 6349; 112
6461; 20; 13.8678; 5.11201; 73.5714; 13.5596; 4.80387; 13.6926; 5.30638; 5796; 665
6461; 21; 14.3328; 5.26503; 79.8692; 14.1653; 5.43996; 14.1028; 5.1878; 5978; 483
6461; 22; 13.3835; 4.99805; 70.4274; 13.2181; 5.17465; 13.1521; 4.92578; 5342; 1119
6461; 23; 10.7064; 5.17442; 46.6015; 10.3085; 5.12163; 0; 0; 6360; 101
6461; 24; 9.91646; 4.83556; 41.2579; 10.0588; 5.17516; 0; 0; 5169; 1292
6461; 25; 10.2807; 4.5124; 44.4015; 9.86126; 4.56901; 10.3296; 4.77833; 5489; 972
6461; 28; 9.94738; 3.99648; 43.7079; 9.87005; 4.23699; 0; 0; 6028; 433
6465; 1; 9.05122; 7.73512; 55.1404; 8.76203; 7.99166; 0; 0; 1331; 5134
6465; 2; 9.46955; 8.00581; 58.2717; 9.3025; 7.61444; 9.21847; 8.12663; 1585; 4880
6465; 3; 9.74427; 7.27316; 54.2865; 9.70979; 7.61127; 0; 0; 1621; 4844
6465; 4; 10.4969; 7.94531; 60.5635; 10.119; 7.60969; 0; 0; 1997; 4468
6465; 5; 11.2055; 7.67592; 61.4025; 11.0045; 7.47893; 0; 0; 2794; 3671
6465; 6; 10.5578; 7.3859; 57.1722; 10.5492; 7.64203; 10.1275; 7.35368; 2289; 4176
6465; 7; 11.2611; 7.00123; 59.7655; 11.381; 7.21963; 11.1223; 7.20012; 2988; 3477
6465; 8; 10.4843; 6.52796; 54.7463; 10.4444; 7.00695; 0; 0; 2517; 3948
6465; 9; 10.0922; 5.6138; 54.4465; 10.3215; 6.0574; 0; 0; 2767; 3698
6465; 10; 9.26051; 5.18948; 44.0078; 8.76373; 5.10299; 0; 0; 6466; -1
6465; 11; 12.8831; 5.35651; 45.9759; 12.7003; 5.82602; 0; 0; 4559; 1906
6465; 12; 12.2499; 6.99563; 62.4411; 11.7649; 7.05766; 0; 0; 3368; 3097
6465; 13; 12.5519; 6.47709; 62.9925; 12.6498; 6.70756; 12.3927; 6.66642; 3569; 2896
6465; 14; 12.366; 6.02308; 62.9709; 12.7165; 6.28866; 12.2021; 6.2113; 3742; 2723
6465; 15; 11.7178; 6.36732; 57.7907; 11.6614; 6.8171; 0; 0; 3916; 2549
6465; 17; 10.9154; 5.62628; 49.7427; 10.5859; 5.53122; 11.0351; 5.2726; 6454; 11
6465; 19; 15.1462; 5.59713; 84.7476; 14.6434; 5.57536; 0; 0; 6349; 116
6465; 20; 13.8727; 5.12851; 73.5714; 13.5644; 4.82037; 13.6975; 5.32286; 5796; 669
6465; 21; 14.3377; 5.28154; 79.8693; 14.1701; 5.45646; 14.1077; 5.20431; 5978; 487
6465; 22; 13.3884; 5.01455; 70.4274; 13.223; 5.19115; 13.157; 4.94227; 5342; 1123
6465; 23; 10.7057; 5.1759; 46.6037; 10.3071; 5.12237; 0; 0; 6360; 105
6465; 24; 9.91525; 4.83675; 41.2573; 10.0582; 5.17628; 0; 0; 5169; 1296
6465; 25; 10.2795; 4.51358; 44.4007; 9.86012; 4.5702; 10.3283; 4.77908; 5489; 976
6465; 28; 9.94729; 4.00305; 43.7285; 9.86873; 4.23836; 0; 0; 6028; 437
6483; 1; 9.05242; 7.73449; 55.143; 8.76203; 7.99166; 0; 0; 1331; 5152
6483; 2; 9.47063; 8.00529; 58.2741; 9.30438; 7.61392; 9.21867; 8.12633; 1585; 4898
6483; 3; 9.7458; 7.27267; 54.2827; 9.71171; 7.61059; 0; 0; 1621; 4862
6483; 4; 10.4986; 7.94449; 60.5678; 10.1213; 7.60857; 0; 0; 1997; 4486
6483; 5; 11.2078; 7.67496; 61.408; 11.0075; 7.47761; 0; 0; 2794; 3689
6483; 6; 10.5606; 7.38446; 57.172; 10.5518; 7.6405; 10.1298; 7.35257; 2289; 4194
6483; 7; 11.2648; 7.0005; 59.7655; 11.3847; 7.21888; 11.1261; 7.19938; 2988; 3495
6483; 8; 10.4859; 6.52504; 54.7448; 10.4469; 7.00536; 0; 0; 2517; 3966
6483; 9; 10.0857; 5.60934; 54.4439; 10.3202; 6.05211; 0; 0; 2767; 3716
6483; 10; 9.25671; 5.18435; 43.988; 8.76373; 5.10299; 0; 0; 6466; 17
6483; 11; 12.8888; 5.36468; 45.9606; 12.7096; 5.83909; 0; 0; 4559; 1924
6483; 12; 12.2567; 7.00055; 62.4603; 11.769; 7.05732; 0; 0; 3368; 3115
6483; 13; 12.5608; 6.48685; 62.9921; 12.6588; 6.71733; 12.4016; 6.67618; 3569; 2914
6483; 14; 12.3751; 6.0329; 62.9707; 12.7311; 6.29877; 12.2188; 6.2259; 3742; 2741
6483; 15; 11.7226; 6.36682; 57.7942; 11.6655; 6.81676; 0; 0; 3916; 2567
6483; 17; 10.9128; 5.62037; 49.7322; 10.5781; 5.52469; 11.0285; 5.26636; 6454; 29
6483; 20; 13.8747; 5.13505; 73.5714; 13.5665; 4.82692; 13.6995; 5.32939; 5796; 687
6483; 21; 14.3397; 5.28808; 79.8693; 14.1722; 5.463; 14.1097; 5.21085; 5978; 505
6483; 22; 13.3904; 5.02109; 70.4273; 13.2251; 5.1977; 13.159; 4.94882; 5342; 1141
6483; 23; 10.6995; 5.17191; 46.5969; 10.3023; 5.11312; 0; 0; 6360; 123
6483; 24; 9.9143; 4.82983; 41.2605; 10.0542; 5.16738; 0; 0; 5169; 1314
6483; 25; 10.2794; 4.50809; 44.411; 9.85955; 4.56163; 10.3235; 4.76983; 5489; 994
6483; 28; 9.94578; 3.99364; 43.7285; 9.86856; 4.23043; 0; 0; 6028; 455
6484; 1; 9.05375; 7.73466; 55.1463; 8.76203; 7.99166; 0; 0; 1331; 5153
6484; 2; 9.47186; 8.00545; 58.2769; 9.30514; 7.61451; 9.21887; 8.12634; 1585; 4899
6484; 3; 9.74824; 7.2731; 54.2822; 9.70905; 7.61356; 0; 0; 1621; 4863
6484; 4; 10.5012; 7.94517; 60.5695; 10.125; 7.60718; 0; 0; 1997; 4487
6484; 5; 11.2104; 7.67506; 61.4136; 11.0101; 7.47738; 0; 0; 2794; 3690
6484; 6; 10.5636; 7.38491; 57.1709; 10.5481; 7.64508; 10.1335; 7.35118; 2289; 4195
6484; 7; 11.2688; 7.00082; 59.7655; 11.3991; 7.23724; 11.1405; 7.21773; 2988; 3496
6484; 8; 10.4878; 6.5257; 54.7431; 10.4473; 7.00551; 0; 0; 2517; 3967
6484; 9; 10.087; 5.60991; 54.4454; 10.3204; 6.05249; 0; 0; 2767; 3717
6484; 10; 9.25703; 5.18463; 43.9891; 8.76373; 5.10299; 0; 0; 6466; 18
6484; 11; 12.8938; 5.36551; 45.9539; 12.7158; 5.8374; 0; 0; 4559; 1925
6484; 12; 12.2623; 7.00156; 62.4628; 11.7739; 7.06017; 0; 0; 3368; 3116
6484; 13; 12.567; 6.48847; 62.9922; 12.665; 6.71895; 12.4079; 6.67781; 3569; 2915
6484; 14; 12.3815; 6.03453; 62.9707; 12.732; 6.30004; 12.2173; 6.22276; 3742; 2742
6484; 15; 11.728; 6.36675; 57.7994; 11.6705; 6.81961; 0; 0; 3916; 2568
6484; 17; 10.909; 5.62216; 49.7276; 10.582; 5.52742; 11.0284; 5.26446; 6454; 30
6484; 20; 13.8781; 5.13513; 73.5714; 13.5722; 4.82336; 13.7027; 5.32866; 5796; 688
6484; 21; 14.3431; 5.28813; 79.8693; 14.1673; 5.47474; 14.1049; 5.22258; 5978; 506
6484; 22; 13.3938; 5.0212; 70.4274; 13.2194; 5.19788; 13.1534; 4.949; 5342; 1142
6484; 23; 10.7006; 5.17159; 46.5909; 10.3077; 5.11982; 0; 0; 6360; 124
6484; 24; 9.91627; 4.83024; 41.2598; 10.0537; 5.16173; 0; 0; 5169; 1315
6484; 25; 10.2814; 4.50845; 44.4101; 9.86143; 4.5622; 10.3288; 4.77653; 5489; 995
6484; 28; 9.94749; 3.99362; 43.7262; 9.86696; 4.22966; 0; 0; 6028; 456
6485; 1; 9.05443; 7.73472; 55.1479; 8.76203; 7.99166; 0; 0; 1331; 5154
6485; 2; 9.47248; 8.0055; 58.2783; 9.30764; 7.61435; 9.21898; 8.12634; 1585; 4900
6485; 3; 9.74964; 7.27316; 54.2826; 9.71502; 7.611; 0; 0; 1621; 4864
6485; 4; 10.5027; 7.94523; 60.5691; 10.1252; 7.60903; 0; 0; 1997; 4488
6485; 5; 11.2122; 7.67512; 61.4137; 11.0123; 7.47802; 0; 0; 2794; 3691
6485; 6; 10.5651; 7.38506; 57.1705; 10.5561; 7.64102; 10.1336; 7.35302; 2289; 4196
6485; 7; 11.2707; 7.00088; 59.7655; 11.3906; 7.21927; 11.1319; 7.19976; 2988; 3497
6485; 8; 10.489; 6.52586; 54.7427; 10.4509; 7.00608; 0; 0; 2517; 3968
6485; 9; 10.0875; 5.61036; 54.4428; 10.3213; 6.05331; 0; 0; 2767; 3718
6485; 10; 9.257; 5.18464; 43.9892; 8.76373; 5.10299; 0; 0; 6466; 19
6485; 11; 12.8969; 5.36555; 45.9569; 12.7225; 5.84211; 0; 0; 4559; 1926
6485; 12; 12.2646; 7.00153; 62.4628; 11.7754; 7.05769; 0; 0; 3368; 3117
6485; 13; 12.5693; 6.48842; 62.9922; 12.6673; 6.71891; 12.4102; 6.67776; 3569; 2916
6485; 14; 12.3838; 6.03446; 62.9706; 12.7441; 6.30168; 12.2319; 6.22911; 3742; 2743
6485; 15; 11.7301; 6.36673; 57.8005; 11.6719; 6.81713; 0; 0; 3916; 2569
6485; 17; 10.9129; 5.61916; 49.7223; 10.5796; 5.52759; 11.0271; 5.26255; 6454; 31
6485; 20; 13.882; 5.1354; 73.5713; 13.5738; 4.8273; 13.7069; 5.32973; 5796; 689
6485; 21; 14.347; 5.28836; 79.8693; 14.1795; 5.46334; 14.117; 5.21118; 5978; 507
6485; 22; 13.3977; 5.02149; 70.4274; 13.2323; 5.19809; 13.1663; 4.94921; 5342; 1143
6485; 23; 10.6995; 5.17071; 46.5873; 10.3016; 5.11708; 0; 0; 6360; 125
6485; 24; 9.91549; 4.83057; 41.2611; 10.0585; 5.17199; 0; 0; 5169; 1316
6485; 25; 10.2808; 4.50838; 44.4099; 9.85435; 4.55423; 10.3227; 4.77379; 5489; 996
6485; 28; 9.94702; 3.99399; 43.7281; 9.87606; 4.22896; 0; 0; 6028; 457
6493; 1; 9.05441; 7.7344; 55.1477; 8.76203; 7.99166; 0; 0; 1331; 5162
6493; 2; 9.47245; 8.00524; 58.2782; 9.30758; 7.61403; 9.21898; 8.12622; 1585; 4908
6493; 3; 9.75037; 7.27193; 54.2865; 9.71496; 7.61063; 0; 0; 1621; 4872
6493; 4; 10.5036; 7.94373; 60.5646; 10.1251; 7.60845; 0; 0; 1997; 4496
6493; 5; 11.2177; 7.67522; 61.3886; 11.012; 7.47729; 0; 0; 2794; 3699
6493; 6; 10.5649; 7.38425; 57.1712; 10.5561; 7.64027; 10.1336; 7.35245; 2289; 4204
6493; 7; 11.2697; 7.00009; 59.7655; 11.3896; 7.21847; 11.131; 7.19896; 2988; 3505
6493; 8; 10.4906; 6.52482; 54.7456; 10.451; 7.00524; 0; 0; 2517; 3976
6493; 9; 10.0907; 5.60939; 54.4438; 10.3271; 6.05335; 0; 0; 2767; 3726
6493; 10; 9.25761; 5.18508; 43.9908; 8.76373; 5.10299; 0; 0; 6466; 27
6493; 11; 12.902; 5.36639; 45.993; 12.7149; 5.83414; 0; 0; 4559; 1934
6493; 12; 12.2621; 6.99934; 62.4589; 11.7741; 7.05687; 0; 0; 3368; 3125
6493; 13; 12.5663; 6.48514; 62.9926; 12.6643; 6.71562; 12.4071; 6.67447; 3569; 2924
6493; 14; 12.3806; 6.03116; 62.971; 12.7311; 6.29678; 12.2166; 6.21933; 3742; 2751
6493; 15; 11.7294; 6.36612; 57.8013; 11.6707; 6.81631; 0; 0; 3916; 2577
6493; 17; 10.9173; 5.62036; 49.729; 10.5862; 5.52846; 11.0324; 5.26519; 6454; 39
6493; 20; 13.8956; 5.14018; 73.5714; 13.5873; 4.83205; 13.7204; 5.33451; 5796; 697
6493; 21; 14.3606; 5.29319; 79.8693; 14.193; 5.46813; 14.1306; 5.21597; 5978; 515
6493; 22; 13.4113; 5.02623; 70.4274; 13.2459; 5.20284; 13.1799; 4.95396; 5342; 1151
6493; 23; 10.704; 5.17181; 46.5938; 10.3178; 5.12005; 0; 0; 6360; 133
6493; 24; 9.91966; 4.83091; 41.2595; 10.057; 5.16172; 0; 0; 5169; 1324
6493; 25; 10.2851; 4.50864; 44.4078; 9.8652; 4.56266; 10.339; 4.77676; 5489; 1004
6493; 28; 9.95223; 3.99424; 43.725; 9.88636; 4.23359; 0; 0; 6028; 465
6495; 1; 9.05288; 7.73423; 55.1441; 8.76203; 7.99166; 0; 0; 1331; 5164
6495; 2; 9.47105; 8.00508; 58.275; 9.30511; 7.61371; 9.21876; 8.12621; 1585; 4910
6495; 3; 9.74775; 7.27133; 54.2881; 9.71246; 7.61032; 0; 0; 1621; 4874
6495; 4; 10.5006; 7.9431; 60.5631; 10.1222; 7.60812; 0; 0; 1997; 4498
6495; 5; 11.2137; 7.675; 61.3876; 11.0084; 7.47699; 0; 0; 2794; 3701
6495; 6; 10.5615; 7.38383; 57.1722; 10.5528; 7.63989; 10.1307; 7.35212; 2289; 4206
6495; 7; 11.2655; 6.99983; 59.7655; 11.3854; 7.21821; 11.1267; 7.19871; 2988; 3507
6495; 8; 10.4874; 6.52446; 54.7451; 10.4479; 7.00473; 0; 0; 2517; 3978
6495; 9; 10.0873; 5.60961; 54.4433; 10.3238; 6.05281; 0; 0; 2767; 3728
6495; 10; 9.25698; 5.18506; 43.9907; 8.76373; 5.10299; 0; 0; 6466; 29
6495; 11; 12.8963; 5.36622; 45.9943; 12.7091; 5.83364; 0; 0; 4559; 1936
6495; 12; 12.2568; 6.999; 62.458; 11.7696; 7.05665; 0; 0; 3368; 3127
6495; 13; 12.5606; 6.48464; 62.9925; 12.6586; 6.71511; 12.4014; 6.67396; 3569; 2926
6495; 14; 12.3748; 6.03067; 62.971; 12.7253; 6.29628; 12.2108; 6.21885; 3742; 2753
6495; 15; 11.724; 6.36617; 57.7968; 11.6661; 6.81608; 0; 0; 3916; 2579
6495; 17; 10.9125; 5.61914; 49.7199; 10.5818; 5.52832; 11.0264; 5.26205; 6454; 41
6495; 20; 13.8902; 5.14024; 73.5714; 13.5819; 4.83209; 13.715; 5.33456; 5796; 699
6495; 21; 14.3552; 5.29344; 79.8693; 14.1876; 5.46818; 14.1251; 5.21602; 5978; 517
6495; 22; 13.4058; 5.02626; 70.4273; 13.2405; 5.20286; 13.1745; 4.95398; 5342; 1153
6495; 23; 10.6993; 5.17057; 46.585; 10.3154; 5.11929; 0; 0; 6360; 135
6495; 24; 9.91622; 4.83121; 41.2605; 10.0564; 5.16895; 0; 0; 5169; 1326
6495; 25; 10.2816; 4.50902; 44.4091; 9.86154; 4.56307; 10.3365; 4.776; 5489; 1006
6495; 28; 9.94888; 3.99465; 43.7261; 9.88271; 4.23401; 0; 0; 6028; 467
6502; 1; 9.05297; 7.73405; 55.1442; 8.76203; 7.99166; 0; 0; 1331; 5171
6502; 2; 9.47113; 8.00492; 58.2751; 9.30523; 7.61353; 9.21878; 8.12613; 1585; 4917
6502; 3; 9.74825; 7.27071; 54.2897; 9.71259; 7.6101; 0; 0; 1621; 4881
6502; 4; 10.5012; 7.94231; 60.5612; 10.1224; 7.60778; 0; 0; 1997; 4505
6502; 5; 11.2113; 7.67382; 61.3974; 11.0089; 7.47504; 0; 0; 2794; 3708
6502; 6; 10.5617; 7.38335; 57.1718; 10.547; 7.64294; 10.1308; 7.35178; 2289; 4213
6502; 7; 11.2656; 6.99898; 59.7655; 11.396; 7.23355; 11.1373; 7.21405; 2988; 3514
6502; 8; 10.4877; 6.52425; 54.745; 10.4481; 7.00438; 0; 0; 2517; 3985
6502; 9; 10.0875; 5.60982; 54.4429; 10.3243; 6.05259; 0; 0; 2767; 3735
6502; 10; 9.25699; 5.18538; 43.992; 8.76373; 5.10299; 0; 0; 6466; 36
6502; 11; 12.8988; 5.36428; 46.0052; 12.7037; 5.83387; 0; 0; 4559; 1943
6502; 12; 12.2566; 6.99725; 62.4561; 11.7694; 7.05571; 0; 0; 3368; 3134
6502; 13; 12.5603; 6.48234; 62.9923; 12.6582; 6.71281; 12.4011; 6.67166; 3569; 2933
6502; 14; 12.3744; 6.0282; 62.9702; 12.7254; 6.29364; 12.2107; 6.218; 3742; 2760
6502; 15; 11.7237; 6.36539; 57.795; 11.666; 6.81515; 0; 0; 3916; 2586
6502; 17; 10.912; 5.61863; 49.7149; 10.5821; 5.52856; 11.026; 5.25783; 6454; 48
6502; 20; 13.8953; 5.13939; 73.5713; 13.5904; 4.82763; 13.7208; 5.33286; 5796; 706
6502; 21; 14.3604; 5.29252; 79.8693; 14.1858; 5.47803; 14.1233; 5.22587; 5978; 524
6502; 22; 13.4109; 5.02545; 70.4274; 13.2376; 5.20215; 13.1715; 4.95328; 5342; 1160
6502; 23; 10.6988; 5.17006; 46.5802; 10.3157; 5.12034; 0; 0; 6360; 142
6502; 24; 9.91644; 4.83187; 41.2604; 10.0569; 5.17016; 0; 0; 5169; 1333
6502; 25; 10.2818; 4.50968; 44.409; 9.86318; 4.56236; 10.3368; 4.77705; 5489; 1013
6502; 28; 9.94917; 3.99533; 43.7261; 9.87079; 4.23247; 0; 0; 6028; 474
6523; 1; 9.04838; 7.7342; 55.1291; 8.76203; 7.99166; 0; 0; 1331; 5192
6523; 2; 9.4668; 8.00498; 58.2643; 9.29586; 7.61288; 9.2185; 8.12644; 1585; 4938
6523; 3; 9.73893; 7.27109; 54.2883; 9.69928; 7.61279; 0; 0; 1621; 4902
6523; 4; 10.4903; 7.94362; 60.5663; 10.1146; 7.60529; 0; 0; 1997; 4526
6523; 5; 11.1871; 7.67312; 61.4438; 10.9965; 7.47592; 0; 0; 2794; 3729
6523; 6; 10.5516; 7.3837; 57.1748; 10.5344; 7.6432; 10.1231; 7.34929; 2289; 4234
6523; 7; 11.2534; 7.00018; 59.7655; 11.3839; 7.23599; 11.1253; 7.21648; 2988; 3535
6523; 8; 10.4816; 6.52362; 54.7548; 10.4376; 7.00476; 0; 0; 2517; 4006
6523; 9; 10.0866; 5.60745; 54.4464; 10.3209; 6.05157; 0; 0; 2767; 3756
6523; 10; 9.25697; 5.18416; 43.9872; 8.76373; 5.10299; 0; 0; 6466; 57
6523; 11; 12.8256; 5.34519; 45.7798; 12.6914; 5.83064; 0; 0; 4559; 1964
6523; 12; 12.2408; 6.9979; 62.4504; 11.7533; 7.05535; 0; 0; 3368; 3155
6523; 13; 12.5432; 6.4819; 62.9918; 12.6411; 6.71231; 12.3839; 6.67117; 3569; 2954
6523; 14; 12.3569; 6.02729; 62.9725; 12.7076; 6.29345; 12.1931; 6.21626; 3742; 2781
6523; 15; 11.7061; 6.36823; 57.7741; 11.6498; 6.81479; 0; 0; 3916; 2607
6523; 17; 10.9049; 5.60252; 49.6588; 10.5826; 5.52639; 11.0108; 5.2322; 6454; 69
6523; 20; 13.7669; 5.10116; 73.5715; 13.4609; 4.79123; 13.5908; 5.29893; 5796; 727
6523; 21; 14.2319; 5.25439; 79.8694; 14.0595; 5.42996; 13.997; 5.1778; 5978; 545
6523; 22; 13.2826; 4.98708; 70.4273; 13.1082; 5.1658; 13.0422; 4.91692; 5342; 1181
6523; 23; 10.6918; 5.15421; 46.5253; 10.3114; 5.11268; 0; 0; 6360; 163
6523; 24; 9.91668; 4.82892; 41.2589; 10.0584; 5.16495; 0; 0; 5169; 1354
6523; 25; 10.2821; 4.50668; 44.4068; 9.85546; 4.56147; 10.3325; 4.76939; 5489; 1034
6523; 28; 9.94954; 3.99462; 43.7329; 9.87155; 4.23008; 0; 0; 6028; 495
6525; 1; 9.04848; 7.73411; 55.1294; 8.76203; 7.99166; 0; 0; 1331; 5194
6525; 2; 9.4669; 8.00491; 58.2646; 9.29655; 7.61302; 9.2185; 8.1264; 1585; 4940
6525; 3; 9.73871; 7.27129; 54.2862; 9.7; 7.61283; 0; 0; 1621; 4904
6525; 4; 10.49; 7.94379; 60.5686; 10.1153; 7.60524; 0; 0; 1997; 4528
6525; 5; 11.1863; 7.6726; 61.4484; 10.997; 7.47597; 0; 0; 2794; 3731
6525; 6; 10.5519; 7.38349; 57.1745; 10.535; 7.64331; 10.1238; 7.34923; 2289; 4236
6525; 7; 11.2538; 6.99989; 59.7655; 11.3844; 7.23586; 11.1258; 7.21636; 2988; 3537
6525; 8; 10.4814; 6.52344; 54.7538; 10.4382; 7.00452; 0; 0; 2517; 4008
6525; 9; 10.0859; 5.60723; 54.4463; 10.3204; 6.0513; 0; 0; 2767; 3758
6525; 10; 9.25682; 5.18388; 43.9861; 8.76373; 5.10299; 0; 0; 6466; 59
6525; 11; 12.8239; 5.34262; 45.7727; 12.6914; 5.82853; 0; 0; 4559; 1966
6525; 12; 12.2411; 6.99667; 62.4469; 11.7542; 7.05563; 0; 0; 3368; 3157
6525; 13; 12.5432; 6.4798; 62.9918; 12.6411; 6.71021; 12.3839; 6.66907; 3569; 2956
6525; 14; 12.357; 6.02518; 62.9725; 12.7077; 6.29134; 12.1932; 6.21415; 3742; 2783
6525; 15; 11.7065; 6.36793; 57.774; 11.6507; 6.81507; 0; 0; 3916; 2609
6525; 17; 10.9044; 5.60283; 49.6616; 10.5811; 5.52535; 11.0107; 5.23311; 6454; 71
6525; 20; 13.7633; 5.09816; 73.5715; 13.4573; 4.78893; 13.5878; 5.29425; 5796; 729
6525; 21; 14.2283; 5.25138; 79.8697; 14.0561; 5.42613; 13.9937; 5.17397; 5978; 547
6525; 22; 13.279; 4.98409; 70.4273; 13.1045; 5.16344; 13.0385; 4.91456; 5342; 1183
6525; 23; 10.6913; 5.15451; 46.5281; 10.314; 5.11746; 0; 0; 6360; 165
6525; 24; 9.91573; 4.82837; 41.2593; 10.053; 5.15924; 0; 0; 5169; 1356
6525; 25; 10.2812; 4.50613; 44.4076; 9.8511; 4.55843; 10.3351; 4.77417; 5489; 1036
6525; 28; 9.94867; 3.9938; 43.7327; 9.87714; 4.24151; 0; 0; 6028; 497
6539; 1; 9.05468; 7.73413; 55.1483; 8.76203; 7.99166; 0; 0; 1331; 5208
6539; 2; 9.4727; 8.00501; 58.2786; 9.30799; 7.61378; 9.21904; 8.1261; 1585; 4954
6539; 3; 9.75252; 7.27009; 54.2947; 9.71539; 7.61032; 0; 0; 1621; 4918
6539; 4; 10.5062; 7.94135; 60.5543; 10.1256; 7.60797; 0; 0; 1997; 4542
6539; 5; 11.2165; 7.67274; 61.3966; 11.0127; 7.47612; 0; 0; 2794; 3745
6539; 6; 10.5654; 7.38355; 57.1693; 10.5567; 7.63962; 10.1341; 7.35197; 2289; 4250
6539; 7; 11.2705; 6.99791; 59.7656; 11.3904; 7.21628; 11.1318; 7.19677; 2988; 3551
6539; 8; 10.4923; 6.52506; 54.7492; 10.4514; 7.00505; 0; 0; 2517; 4022
6539; 9; 10.094; 5.61048; 54.4429; 10.3291; 6.05461; 0; 0; 2767; 3772
6539; 10; 9.25784; 5.18814; 44.0026; 8.76373; 5.10299; 0; 0; 6466; 73
6539; 11; 12.8862; 5.31682; 46.0075; 12.6951; 5.78349; 0; 0; 4559; 1980
6539; 12; 12.2527; 6.97245; 62.3611; 11.775; 7.05416; 0; 0; 3368; 3171
6539; 13; 12.5465; 6.43478; 62.9925; 12.6445; 6.66522; 12.3873; 6.62408; 3569; 2970
6539; 14; 12.3615; 5.98011; 62.9724; 12.7114; 6.2461; 12.1969; 6.16903; 3742; 2797
6539; 15; 11.7269; 6.36477; 57.7882; 11.6715; 6.8136; 0; 0; 3916; 2623
6539; 17; 10.9164; 5.61408; 49.6931; 10.5884; 5.5295; 11.0269; 5.25113; 6454; 85
6539; 20; 13.8835; 5.09213; 73.5714; 13.579; 4.7804; 13.7095; 5.28559; 5796; 743
6539; 21; 14.3486; 5.24521; 79.8697; 14.178; 5.41729; 14.1155; 5.16514; 5978; 561
6539; 22; 13.3991; 4.97819; 70.4276; 13.2262; 5.15495; 13.1602; 4.90607; 5342; 1197
6539; 23; 10.703; 5.16571; 46.559; 10.3213; 5.12223; 0; 0; 6360; 179
6539; 24; 9.92228; 4.835; 41.2537; 10.0602; 5.16333; 0; 0; 5169; 1370
6539; 25; 10.2879; 4.51245; 44.3999; 9.8558; 4.56534; 10.3424; 4.77894; 5489; 1050
6539; 28; 9.95501; 4.00285; 43.7362; 9.88504; 4.24553; 0; 0; 6028; 511
6540; 1; 9.05372; 7.73415; 55.146; 8.76203; 7.99166; 0; 0; 1331; 5209
6540; 2; 9.47182; 8.00501; 58.2767; 9.30644; 7.61371; 9.21889; 8.12614; 1585; 4955
6540; 3; 9.75077; 7.27003; 54.2951; 9.71382; 7.61028; 0; 0; 1621; 4919
6540; 4; 10.5042; 7.94138; 60.5542; 10.1238; 7.60798; 0; 0; 1997; 4543
6540; 5; 11.2136; 7.67356; 61.3954; 11.0102; 7.47645; 0; 0; 2794; 3746
6540; 6; 10.5633; 7.38357; 57.1711; 10.5546; 7.63967; 10.1323; 7.35198; 2289; 4251
6540; 7; 11.2674; 6.99866; 59.7656; 11.3873; 7.21704; 11.1286; 7.19753; 2988; 3552
6540; 8; 10.4892; 6.52481; 54.7445; 10.4496; 7.00478; 0; 0; 2517; 4023
6540; 9; 10.0893; 5.61001; 54.4442; 10.3276; 6.05383; 0; 0; 2767; 3773
6540; 10; 9.25723; 5.18655; 43.9965; 8.76373; 5.10299; 0; 0; 6466; 74
6540; 11; 12.8855; 5.32835; 46.0064; 12.6951; 5.79489; 0; 0; 4559; 1981
6540; 12; 12.2507; 6.97877; 62.382; 11.7715; 7.05512; 0; 0; 3368; 3172
6540; 13; 12.5466; 6.44615; 62.9923; 12.6446; 6.67658; 12.3874; 6.63544; 3569; 2971
6540; 14; 12.3615; 5.99153; 62.9724; 12.7113; 6.25751; 12.1978; 6.17996; 3742; 2798
6540; 15; 11.7232; 6.36571; 57.7859; 11.668; 6.81456; 0; 0; 3916; 2624
6540; 17; 10.9119; 5.61414; 49.6953; 10.5891; 5.53108; 11.0227; 5.25165; 6454; 86
6540; 20; 13.8824; 5.10362; 73.5714; 13.5741; 4.79547; 13.7073; 5.29791; 5796; 744
6540; 21; 14.3475; 5.25674; 79.8697; 14.1799; 5.43152; 14.1174; 5.17937; 5978; 562
6540; 22; 13.398; 4.98965; 70.4275; 13.2327; 5.16625; 13.1667; 4.91738; 5342; 1198
6540; 23; 10.6988; 5.16567; 46.561; 10.3143; 5.11155; 0; 0; 6360; 180
6540; 24; 9.91894; 4.83265; 41.2583; 10.0587; 5.16212; 0; 0; 5169; 1371
6540; 25; 10.2839; 4.51089; 44.4073; 9.86372; 4.56565; 10.3354; 4.76825; 5489; 1051
6540; 28; 9.9517; 3.99938; 43.7357; 9.87267; 4.234; 0; 0; 6028; 512
6547; 1; 9.05255; 7.73409; 55.1432; 8.76203; 7.99166; 0; 0; 1331; 5216
6547; 2; 9.47075; 8.00495; 58.2742; 9.30455; 7.61353; 9.21871; 8.12617; 1585; 4962
6547; 3; 9.74811; 7.27024; 54.293; 9.7119; 7.61013; 0; 0; 1621; 4926
6547; 4; 10.5011; 7.94171; 60.5569; 10.1216; 7.60785; 0; 0; 1997; 4550
6547; 5; 11.2074; 7.67325; 61.4067; 11.0075; 7.47643; 0; 0; 2794; 3753
6547; 6; 10.5607; 7.38342; 57.172; 10.5521; 7.63955; 10.13; 7.35185; 2289; 4258
6547; 7; 11.2641; 6.99877; 59.7656; 11.384; 7.21714; 11.1253; 7.19763; 2988; 3559
6547; 8; 10.4869; 6.52457; 54.7445; 10.4473; 7.00451; 0; 0; 2517; 4030
6547; 9; 10.0872; 5.60982; 54.4449; 10.3231; 6.05315; 0; 0; 2767; 3780
6547; 10; 9.25703; 5.18555; 43.9926; 8.76373; 5.10299; 0; 0; 6466; 81
6547; 11; 12.8948; 5.36175; 46.0056; 12.7049; 5.82809; 0; 0; 4559; 1988
6547; 12; 12.2537; 6.99554; 62.4504; 11.7679; 7.05531; 0; 0; 3368; 3179
6547; 13; 12.5566; 6.4793; 62.9921; 12.6546; 6.70973; 12.3974; 6.66858; 3569; 2978
6547; 14; 12.3714; 6.02473; 62.9726; 12.7212; 6.29072; 12.2068; 6.21362; 3742; 2805
6547; 17; 10.9092; 5.61294; 49.6964; 10.5822; 5.52896; 11.02; 5.25063; 6454; 93
6547; 20; 13.8914; 5.13705; 73.5715; 13.5861; 4.82656; 13.7177; 5.3321; 5796; 751
6547; 21; 14.3564; 5.2902; 79.8697; 14.1889; 5.46495; 14.1265; 5.21279; 5978; 569
6547; 22; 13.4071; 5.02304; 70.4274; 13.2342; 5.20177; 13.1682; 4.95289; 5342; 1205
6547; 23; 10.696; 5.16441; 46.562; 10.3073; 5.11381; 0; 0; 6360; 187
6547; 24; 9.91696; 4.83107; 41.2604; 10.0549; 5.16468; 0; 0; 5169; 1378
6547; 25; 10.2818; 4.50936; 44.4104; 9.83971; 4.56015; 10.3284; 4.77052; 5489; 1058
6547; 28; 9.95641; 4.03408; 43.8801; 9.89663; 4.27969; 0; 0; 6028; 519
6555; 1; 9.05162; 7.73538; 55.1415; 8.76203; 7.99166; 0; 0; 1331; 5224
6555; 2; 9.46992; 8.00603; 58.2727; 9.30357; 7.61561; 9.21852; 8.12671; 1585; 4970
6555; 3; 9.74637; 7.27254; 54.2931; 9.70727; 7.61498; 0; 0; 1621; 4934
6555; 4; 10.4992; 7.94471; 60.5563; 10.1233; 7.60878; 0; 0; 1997; 4558
6555; 5; 11.2052; 7.67697; 61.4059; 11.0054; 7.47902; 0; 0; 2794; 3761
6555; 6; 10.5587; 7.38651; 57.173; 10.5436; 7.64694; 10.1317; 7.35278; 2289; 4266
6555; 7; 11.2617; 7.00242; 59.7655; 11.3926; 7.23824; 11.134; 7.21873; 2988; 3567
6555; 8; 10.4857; 6.52898; 54.7435; 10.4461; 7.00808; 0; 0; 2517; 4038
6555; 9; 10.0915; 5.61443; 54.4461; 10.321; 6.05818; 0; 0; 2767; 3788
6555; 10; 9.26041; 5.19012; 44.0103; 8.76373; 5.10299; 0; 0; 6466; 89
6555; 11; 12.8874; 5.35864; 45.9987; 12.6994; 5.8257; 0; 0; 4559; 1996
6555; 12; 12.2496; 6.99627; 62.4372; 11.7644; 7.05928; 0; 0; 3368; 3187
6555; 13; 12.5511; 6.4769; 62.9921; 12.6491; 6.70733; 12.3919; 6.66619; 3569; 2986
6555; 14; 12.3658; 6.02236; 62.9726; 12.7156; 6.28834; 12.2013; 6.21123; 3742; 2813
6555; 17; 10.9075; 5.61745; 49.6945; 10.582; 5.53434; 11.0209; 5.25308; 6454; 101
6555; 20; 13.8823; 5.13317; 73.5715; 13.5782; 4.82162; 13.7122; 5.33094; 5796; 759
6555; 21; 14.3472; 5.28638; 79.8697; 14.1798; 5.46107; 14.1173; 5.20891; 5978; 577
6555; 22; 13.398; 5.01916; 70.4273; 13.2291; 5.19878; 13.163; 4.94991; 5342; 1213
6555; 23; 10.6986; 5.16701; 46.558; 10.3082; 5.12335; 0; 0; 6360; 195
6555; 24; 9.91467; 4.83817; 41.2564; 10.0574; 5.17642; 0; 0; 5169; 1386
6555; 25; 10.28; 4.51482; 44.3991; 9.86179; 4.5763; 10.3293; 4.78006; 5489; 1066
6555; 28; 9.94664; 4.00461; 43.7327; 9.87977; 4.24417; 0; 0; 6028; 527
6566; 1; 9.05184; 7.73379; 55.1414; 8.76203; 7.99166; 0; 0; 1331; 5235
6566; 2; 9.47009; 8.00469; 58.2727; 9.30338; 7.61316; 9.21861; 8.12608; 1585; 4981
6566; 3; 9.74602; 7.27027; 54.2895; 9.71072; 7.60973; 0; 0; 1621; 4945
6566; 4; 10.4987; 7.94169; 60.561; 10.1202; 7.6073; 0; 0; 1997; 4569
6566; 5; 11.2056; 7.67251; 61.4078; 11.0059; 7.47573; 0; 0; 2794; 3772
6566; 6; 10.5592; 7.38272; 57.1719; 10.5505; 7.63885; 10.1287; 7.3513; 2289; 4277
6566; 7; 11.2626; 6.99806; 59.7655; 11.3825; 7.21644; 11.1238; 7.19693; 2988; 3578
6566; 8; 10.4857; 6.52375; 54.7435; 10.4457; 7.00381; 0; 0; 2517; 4049
6566; 9; 10.0913; 5.60784; 54.4471; 10.3208; 6.05138; 0; 0; 2767; 3799
6566; 10; 9.2606; 5.18484; 43.9898; 8.76373; 5.10299; 0; 0; 6466; 100
6566; 11; 12.8867; 5.3502; 45.9944; 12.6996; 5.81806; 0; 0; 4559; 2007
6566; 12; 12.2504; 6.98996; 62.4305; 11.7664; 7.05458; 0; 0; 3368; 3198
6566; 13; 12.5514; 6.46888; 62.9929; 12.6493; 6.69931; 12.3922; 6.65817; 3569; 2997
6566; 14; 12.3662; 6.01432; 62.9741; 12.7158; 6.28069; 12.2014; 6.20366; 3742; 2824
6566; 17; 10.9073; 5.61053; 49.6957; 10.584; 5.5249; 11.0208; 5.24635; 6454; 112
6566; 20; 13.879; 5.12511; 73.5715; 13.5707; 4.81695; 13.7084; 5.32854; 5796; 770
6566; 21; 14.344; 5.27828; 79.8697; 14.1778; 5.45304; 14.1153; 5.20088; 5978; 588
6566; 22; 13.3946; 5.01114; 70.4275; 13.2294; 5.18753; 13.1633; 4.93865; 5342; 1224
6566; 23; 10.6984; 5.16002; 46.5589; 10.3127; 5.1193; 0; 0; 6360; 206
6566; 24; 9.91465; 4.82931; 41.2607; 10.0555; 5.16923; 0; 0; 5169; 1397
6566; 25; 10.2803; 4.50593; 44.4052; 9.85295; 4.55971; 10.3338; 4.776; 5489; 1077
6566; 28; 9.94687; 3.9925; 43.7227; 9.87008; 4.22953; 0; 0; 6028; 538
6571; 1; 9.05208; 7.73419; 55.1421; 8.76203; 7.99166; 0; 0; 1331; 5240
6571; 2; 9.47032; 8.00503; 58.2733; 9.3038; 7.61358; 9.21863; 8.12623; 1585; 4986
6571; 3; 9.74615; 7.27128; 54.2878; 9.71114; 7.61022; 0; 0; 1621; 4950
6571; 4; 10.4989; 7.94296; 60.5629; 10.1207; 7.60802; 0; 0; 1997; 4574
6571; 5; 11.2068; 7.67351; 61.4061; 11.0063; 7.47568; 0; 0; 2794; 3777
6571; 6; 10.5597; 7.38368; 57.1717; 10.5444; 7.64361; 10.1291; 7.35202; 2289; 4282
6571; 7; 11.2634; 6.99898; 59.7655; 11.3933; 7.23407; 11.1347; 7.21457; 2988; 3583
6571; 8; 10.4853; 6.52472; 54.7439; 10.4462; 7.00478; 0; 0; 2517; 4054
6571; 9; 10.0923; 5.60909; 54.4481; 10.3203; 6.05306; 0; 0; 2767; 3804
6571; 10; 9.26067; 5.18579; 43.9935; 8.76373; 5.10299; 0; 0; 6466; 105
6571; 11; 12.8887; 5.35158; 45.9978; 12.7007; 5.81898; 0; 0; 4559; 2012
6571; 12; 12.2515; 6.9908; 62.4306; 11.7662; 7.05582; 0; 0; 3368; 3203
6571; 13; 12.5525; 6.4697; 62.9932; 12.6504; 6.70013; 12.3933; 6.65899; 3569; 3002
6571; 14; 12.3674; 6.01514; 62.9746; 12.717; 6.28169; 12.2043; 6.20516; 3742; 2829
6571; 15; 11.7191; 6.3659; 57.7862; 11.6628; 6.81526; 0; 0; 6572; -1
6571; 17; 10.9084; 5.61057; 49.692; 10.5847; 5.52571; 11.0215; 5.24559; 6454; 117
6571; 20; 13.8817; 5.1268; 73.5715; 13.5814; 4.80001; 13.7109; 5.33294; 5796; 775
6571; 21; 14.3468; 5.28023; 79.8697; 14.1792; 5.45491; 14.1167; 5.20275; 5978; 593
6571; 22; 13.3973; 5.01299; 70.4276; 13.2359; 5.1785; 13.1698; 4.92963; 5342; 1229
6571; 23; 10.6995; 5.16009; 46.5555; 10.313; 5.12067; 0; 0; 6360; 211
6571; 24; 9.91574; 4.8307; 41.2596; 10.0558; 5.16124; 0; 0; 5169; 1402
6571; 25; 10.2812; 4.50772; 44.4051; 9.8514; 4.55973; 10.3341; 4.77738; 5489; 1082
6571; 28; 9.94698; 3.99129; 43.7107; 9.87371; 4.23237; 0; 0; 6028; 543
6573; 1; 9.05175; 7.73432; 55.1414; 8.76203; 7.99166; 0; 0; 1331; 5242
6573; 2; 9.47002; 8.00514; 58.2726; 9.30328; 7.61369; 9.21858; 8.12629; 1585; 4988
6573; 3; 9.74561; 7.27144; 54.2883; 9.7106; 7.61035; 0; 0; 1621; 4952
6573; 4; 10.4982; 7.94321; 60.5625; 10.12; 7.60826; 0; 0; 1997; 4576
6573; 5; 11.2065; 7.67407; 61.4042; 11.0065; 7.47803; 0; 0; 2794; 3779
6573; 6; 10.559; 7.384; 57.172; 10.5503; 7.64011; 10.1285; 7.35225; 2289; 4284
6573; 7; 11.2626; 6.99946; 59.7655; 11.3933; 7.23503; 11.1347; 7.21552; 2988; 3585
6573; 8; 10.4861; 6.52488; 54.7487; 10.4455; 7.00504; 0; 0; 2517; 4056
6573; 9; 10.0948; 5.60955; 54.4472; 10.323; 6.05376; 0; 0; 2767; 3806
6573; 10; 9.2608; 5.18657; 43.9965; 8.76373; 5.10299; 0; 0; 6466; 107
6573; 11; 12.8877; 5.35222; 45.9974; 12.6998; 5.81967; 0; 0; 4559; 2014
6573; 12; 12.2506; 6.99142; 62.4308; 11.7661; 7.05669; 0; 0; 3368; 3205
6573; 13; 12.5516; 6.4704; 62.9931; 12.6495; 6.70083; 12.3924; 6.65968; 3569; 3004
6573; 14; 12.3664; 6.01584; 62.9745; 12.7161; 6.28237; 12.2022; 6.20415; 3742; 2831
6573; 15; 11.7189; 6.36622; 57.7885; 11.6627; 6.81613; 0; 0; 6572; 1
6573; 17; 10.9095; 5.60938; 49.6833; 10.587; 5.52697; 11.0214; 5.24254; 6454; 119
6573; 20; 13.8805; 5.12742; 73.5715; 13.5806; 4.80088; 13.7098; 5.33457; 5796; 777
6573; 21; 14.3456; 5.28086; 79.8697; 14.178; 5.45553; 14.1156; 5.20337; 5978; 595
6573; 22; 13.3962; 5.0136; 70.4276; 13.235; 5.17949; 13.169; 4.93061; 5342; 1231
6573; 23; 10.7007; 5.1589; 46.547; 10.3163; 5.12085; 0; 0; 6360; 213
6573; 24; 9.91787; 4.8317; 41.2584; 10.0581; 5.16183; 0; 0; 5169; 1404
6573; 25; 10.2834; 4.50881; 44.4035; 9.85423; 4.56246; 10.3375; 4.77756; 5489; 1084
6573; 28; 9.94886; 3.99233; 43.7089; 9.88029; 4.23723; 0; 0; 6028; 545
6579; 1; 9.05101; 7.7336; 55.1387; 8.76203; 7.99166; 0; 0; 1331; 5248
6579; 2; 9.46931; 8.00452; 58.2707; 9.30185; 7.61285; 9.21856; 8.12605; 1585; 4994
6579; 3; 9.74421; 7.27006; 54.2885; 9.70925; 7.60943; 0; 0; 1621; 4958
6579; 4; 10.4966; 7.94152; 60.5626; 10.1186; 7.60693; 0; 0; 1997; 4582
6579; 5; 11.2045; 7.67221; 61.4049; 11.0041; 7.4753; 0; 0; 2794; 3785
6579; 6; 10.5574; 7.38227; 57.172; 10.5488; 7.6384; 10.127; 7.35093; 2289; 4290
6579; 7; 11.2608; 6.99765; 59.7655; 11.3807; 7.21603; 11.122; 7.19652; 2988; 3591
6579; 8; 10.4849; 6.52251; 54.7501; 10.4439; 7.00336; 0; 0; 2517; 4062
6579; 9; 10.0942; 5.60556; 54.4485; 10.3226; 6.04999; 0; 0; 2767; 3812
6579; 10; 9.26084; 5.18381; 43.9859; 8.76373; 5.10299; 0; 0; 6466; 113
6579; 11; 12.8837; 5.34583; 45.9986; 12.6957; 5.81307; 0; 0; 4559; 2020
6579; 12; 12.2475; 6.9872; 62.4206; 11.7646; 7.05418; 0; 0; 3368; 3211
6579; 13; 12.5475; 6.46376; 62.9932; 12.6454; 6.69418; 12.3883; 6.65304; 3569; 3010
6579; 14; 12.3623; 6.00921; 62.9746; 12.7119; 6.27577; 12.1978; 6.1973; 3742; 2837
6579; 15; 11.7165; 6.36458; 57.786; 11.6612; 6.81362; 0; 0; 6572; 7
6579; 17; 10.9061; 5.59937; 49.6607; 10.587; 5.52056; 11.0148; 5.22772; 6454; 125
6579; 20; 13.8768; 5.12127; 73.5715; 13.5764; 4.79373; 13.7055; 5.3319; 5796; 783
6579; 21; 14.3419; 5.27473; 79.8697; 14.1781; 5.44459; 14.1156; 5.19243; 5978; 601
6579; 22; 13.3925; 5.00744; 70.4276; 13.232; 5.17339; 13.1659; 4.92451; 5342; 1237
6579; 23; 10.6972; 5.14887; 46.525; 10.3113; 5.10505; 0; 0; 6360; 219
6579; 24; 9.91803; 4.82643; 41.2606; 10.0616; 5.15867; 0; 0; 5169; 1410
6579; 25; 10.2823; 4.5033; 44.4051; 9.84839; 4.54938; 10.3324; 4.76176; 5489; 1090
6579; 28; 9.95012; 3.98911; 43.7205; 9.87104; 4.22535; 0; 0; 6028; 551
6593; 1; 9.05073; 7.73342; 55.1375; 8.76203; 7.99166; 0; 0; 1331; 5262
6593; 2; 9.46903; 8.00436; 58.2699; 9.30126; 7.61262; 9.21857; 8.126; 1585; 5008
6593; 3; 9.74391; 7.26949; 54.2899; 9.70871; 7.60918; 0; 0; 1621; 4972
6593; 4; 10.4963; 7.94085; 60.5612; 10.118; 7.6066; 0; 0; 1997; 4596
6593; 5; 11.2051; 7.67208; 61.3999; 11.0035; 7.47491; 0; 0; 2794; 3799
6593; 6; 10.5568; 7.38184; 57.1722; 10.5481; 7.63798; 10.1265; 7.35059; 2289; 4304
6593; 7; 11.26; 6.99733; 59.7655; 11.3799; 7.21571; 11.1213; 7.19621; 2988; 3605
6593; 8; 10.4845; 6.52179; 54.7505; 10.4434; 7.00288; 0; 0; 2517; 4076
6593; 9; 10.0939; 5.60424; 54.449; 10.3222; 6.04891; 0; 0; 2767; 3826
6593; 10; 9.26085; 5.18274; 43.9817; 8.76373; 5.10299; 0; 0; 6466; 127
6593; 11; 12.8839; 5.34773; 45.9983; 12.6958; 5.81511; 0; 0; 4559; 2034
6593; 12; 12.2471; 6.98842; 62.4264; 11.7638; 7.05392; 0; 0; 3368; 3225
6593; 13; 12.5475; 6.46638; 62.9921; 12.6455; 6.69686; 12.3883; 6.65571; 3569; 3024
6593; 14; 12.3622; 6.01236; 62.9702; 12.7121; 6.27784; 12.2006; 6.20466; 3742; 2851
6593; 15; 11.7144; 6.36478; 57.7803; 11.6603; 6.81335; 0; 0; 6572; 21
6593; 17; 10.911; 5.60567; 49.6975; 10.5864; 5.5176; 11.025; 5.24185; 6454; 139
6593; 20; 13.878; 5.12199; 73.5716; 13.5801; 4.7855; 13.703; 5.31627; 5796; 797
6593; 21; 14.3429; 5.27549; 79.8702; 14.1722; 5.4446; 14.1098; 5.19244; 5978; 615
6593; 22; 13.3937; 5.00819; 70.4275; 13.2298; 5.15794; 13.1638; 4.90906; 5342; 1251
6593; 23; 10.7022; 5.15516; 46.5608; 10.3104; 5.10296; 0; 0; 6360; 233
6593; 24; 9.91796; 4.8246; 41.2615; 10.0613; 5.1568; 0; 0; 5169; 1424
6593; 25; 10.2822; 4.50148; 44.4062; 9.84817; 4.54627; 10.3315; 4.75967; 5489; 1104
6593; 28; 9.95035; 3.98767; 43.7231; 9.86994; 4.22431; 0; 0; 6028; 565
6601; 1; 9.05079; 7.73327; 55.1376; 8.76203; 7.99166; 0; 0; 1331; 5270
6601; 2; 9.46909; 8.00423; 58.27; 9.30135; 7.61248; 9.21858; 8.12594; 1585; 5016
6601; 3; 9.74387; 7.26935; 54.2892; 9.70881; 7.60901; 0; 0; 1621; 4980
6601; 4; 10.4962; 7.94065; 60.5621; 10.1181; 7.60615; 0; 0; 1997; 4604
6601; 5; 11.2054; 7.67156; 61.3995; 11.0035; 7.47284; 0; 0; 2794; 3807
6601; 6; 10.5569; 7.38149; 57.1719; 10.5417; 7.64089; 10.1266; 7.35014; 2289; 4312
6601; 7; 11.2603; 6.99682; 59.7656; 11.3906; 7.23145; 11.132; 7.21194; 2988; 3613
6601; 8; 10.4845; 6.52146; 54.7503; 10.4434; 7.0026; 0; 0; 2517; 4084
6601; 9; 10.0937; 5.60391; 54.4488; 10.3222; 6.0485; 0; 0; 2767; 3834
6601; 10; 9.26084; 5.1825; 43.9808; 8.76373; 5.10299; 0; 0; 6466; 135
6601; 11; 12.886; 5.34699; 46.0056; 12.696; 5.81349; 0; 0; 4559; 2042
6601; 12; 12.2473; 6.9873; 62.4243; 11.7633; 7.05305; 0; 0; 3368; 3233
6601; 13; 12.5476; 6.46474; 62.9921; 12.6455; 6.69521; 12.3884; 6.65407; 3569; 3032
6601; 14; 12.3623; 6.01072; 62.9702; 12.7122; 6.2762; 12.2; 6.2027; 3742; 2859
6601; 15; 11.714; 6.36448; 57.7776; 11.6599; 6.81249; 0; 0; 6572; 29
6601; 17; 10.9155; 5.61312; 49.7329; 10.5859; 5.51734; 11.0342; 5.25704; 6454; 147
6601; 20; 13.8819; 5.12207; 73.5715; 13.5842; 4.78557; 13.7071; 5.31636; 5796; 805
6601; 21; 14.3468; 5.27546; 79.8701; 14.1765; 5.44406; 14.114; 5.1919; 5978; 623
6601; 22; 13.3976; 5.00829; 70.4275; 13.234; 5.15801; 13.1679; 4.90913; 5342; 1259
6601; 23; 10.7067; 5.16262; 46.5954; 10.3102; 5.10264; 0; 0; 6360; 241
6601; 24; 9.91776; 4.8242; 41.2617; 10.0611; 5.15648; 0; 0; 5169; 1432
6601; 25; 10.282; 4.50109; 44.4065; 9.8486; 4.54587; 10.3313; 4.75935; 5489; 1112
6601; 28; 9.9502; 3.9873; 43.7235; 9.87118; 4.2218; 0; 0; 6028; 573
6613; 1; 9.05146; 7.73402; 55.1406; 8.76203; 7.99166; 0; 0; 1331; 5282
6613; 2; 9.46975; 8.00488; 58.2719; 9.30279; 7.61335; 9.21855; 8.12618; 1585; 5028
6613; 3; 9.7446; 7.27125; 54.286; 9.71011; 7.60997; 0; 0; 1621; 4992
6613; 4; 10.497; 7.94302; 60.5657; 10.1195; 7.6077; 0; 0; 1997; 4616
6613; 5; 11.2067; 7.67357; 61.4; 11.005; 7.47635; 0; 0; 2794; 3819
6613; 6; 10.5583; 7.38326; 57.1723; 10.5497; 7.63938; 10.1279; 7.3517; 2289; 4324
6613; 7; 11.2617; 6.99882; 59.7655; 11.3815; 7.2172; 11.1229; 7.1977; 2988; 3625
6613; 8; 10.486; 6.52364; 54.7504; 10.4449; 7.00426; 0; 0; 2517; 4096
6613; 9; 10.0954; 5.60723; 54.4479; 10.324; 6.05154; 0; 0; 2767; 3846
6613; 10; 9.2609; 5.185; 43.9904; 8.76373; 5.10299; 0; 0; 6466; 147
6613; 11; 12.8879; 5.35038; 46.0057; 12.6979; 5.81693; 0; 0; 4559; 2054
6613; 12; 12.249; 6.99005; 62.4272; 11.7655; 7.05538; 0; 0; 3368; 3245
6613; 13; 12.5495; 6.4682; 62.9921; 12.6475; 6.69867; 12.3903; 6.65753; 3569; 3044
6613; 14; 12.3642; 6.01418; 62.9702; 12.7141; 6.27965; 12.2017; 6.2063; 3742; 2871
6613; 15; 11.7136; 6.36712; 57.7707; 11.662; 6.81482; 0; 0; 6572; 41
6613; 17; 10.9148; 5.61281; 49.7142; 10.5888; 5.52207; 11.031; 5.25259; 6454; 159
6613; 20; 13.8839; 5.12543; 73.5715; 13.5776; 4.81362; 13.7092; 5.3201; 5796; 817
6613; 21; 14.3488; 5.27879; 79.87; 14.178; 5.4468; 14.1155; 5.19465; 5978; 635
6613; 22; 13.3996; 5.01166; 70.4275; 13.2224; 5.20179; 13.1564; 4.95292; 5342; 1271
6613; 23; 10.7059; 5.16231; 46.5771; 10.3128; 5.1073; 0; 0; 6360; 253
6613; 24; 9.91909; 4.82871; 41.2596; 10.0628; 5.16078; 0; 0; 5169; 1444
6613; 25; 10.2833; 4.50557; 44.4037; 9.86423; 4.56026; 10.334; 4.76401; 5489; 1124
6613; 28; 9.9517; 3.99412; 43.7283; 9.87312; 4.22847; 0; 0; 6028; 585
6616; 1; 9.05087; 7.73387; 55.1383; 8.76203; 7.99166; 0; 0; 1331; 5285
6616; 2; 9.46918; 8.00474; 58.2704; 9.3021; 7.6133; 9.21855; 8.12616; 1585; 5031
6616; 3; 9.74347; 7.27091; 54.2863; 9.70597; 7.61237; 0; 0; 1621; 4995
6616; 4; 10.4957; 7.94268; 60.5657; 10.1216; 7.60554; 0; 0; 1997; 4619
6616; 5; 11.2056; 7.67331; 61.3982; 11.0037; 7.47462; 0; 0; 2794; 3822
6616; 6; 10.557; 7.38291; 57.1726; 10.542; 7.64269; 10.1301; 7.34954; 2289; 4327
6616; 7; 11.2601; 6.9985; 59.7655; 11.3908; 7.23345; 11.1322; 7.21394; 2988; 3628
6616; 8; 10.4852; 6.52319; 54.7513; 10.4441; 7.0043; 0; 0; 2517; 4099
6616; 9; 10.0951; 5.60672; 54.4483; 10.3235; 6.05137; 0; 0; 2767; 3849
6616; 11; 12.8837; 5.34977; 45.9974; 12.6959; 5.81715; 0; 0; 4559; 2057
6616; 12; 12.2471; 6.99004; 62.4279; 11.7624; 7.05437; 0; 0; 3368; 3248
6616; 13; 12.5476; 6.46838; 62.9921; 12.6456; 6.69886; 12.3884; 6.65771; 3569; 3047
6616; 14; 12.3623; 6.01438; 62.9703; 12.7121; 6.27987; 12.1978; 6.20269; 3742; 2874
6616; 15; 11.7085; 6.36809; 57.7561; 11.6589; 6.81381; 0; 0; 6572; 44
6616; 17; 10.9135; 5.61055; 49.7063; 10.5887; 5.52284; 11.0287; 5.24861; 6454; 162
6616; 20; 13.8768; 5.12376; 73.5702; 13.5683; 4.81589; 13.7018; 5.31791; 5796; 820
6616; 21; 14.342; 5.27703; 79.87; 14.1713; 5.4495; 14.1089; 5.19734; 5978; 638
6616; 22; 13.3925; 5.00987; 70.4259; 13.2269; 5.18684; 13.1609; 4.93796; 5342; 1274
6616; 23; 10.7046; 5.16005; 46.5693; 10.3169; 5.11724; 0; 0; 6360; 256
6616; 24; 9.91894; 4.82817; 41.2597; 10.0586; 5.15885; 0; 0; 5169; 1447
6616; 25; 10.2832; 4.50502; 44.4038; 9.86386; 4.56085; 10.338; 4.77395; 5489; 1127
6616; 28; 9.95191; 3.99453; 43.7321; 9.87276; 4.22908; 0; 0; 6028; 588
6617; 1; 9.05059; 7.7338; 55.1372; 8.76203; 7.99166; 0; 0; 1331; 5286
6617; 2; 9.46891; 8.00468; 58.2697; 9.30105; 7.61299; 9.21855; 8.12615; 1585; 5032
6617; 3; 9.74308; 7.27065; 54.2871; 9.7085; 7.60962; 0; 0; 1621; 4996
6617; 4; 10.4953; 7.94238; 60.5648; 10.1177; 7.60728; 0; 0; 1997; 4620
6617; 5; 11.2047; 7.67315; 61.3988; 11.0031; 7.47588; 0; 0; 2794; 3823
6617; 6; 10.5564; 7.38274; 57.1727; 10.5479; 7.63889; 10.1262; 7.35128; 2289; 4328
6617; 7; 11.2594; 6.99837; 59.7655; 11.3793; 7.21675; 11.1207; 7.19724; 2988; 3629
6617; 8; 10.4846; 6.52297; 54.7513; 10.4431; 7.00373; 0; 0; 2517; 4100
6617; 9; 10.0945; 5.60639; 54.4483; 10.323; 6.05059; 0; 0; 2767; 3850
6617; 11; 12.881; 5.34831; 45.9916; 12.6947; 5.81623; 0; 0; 4559; 2058
6617; 12; 12.2461; 6.98952; 62.4261; 11.7631; 7.05499; 0; 0; 3368; 3249
6617; 13; 12.5464; 6.46744; 62.9921; 12.6444; 6.69791; 12.3872; 6.65677; 3569; 3048
6617; 14; 12.361; 6.01346; 62.9703; 12.7109; 6.27895; 12.1981; 6.20552; 3742; 2875
6617; 15; 11.708; 6.36789; 57.7568; 11.6596; 6.81443; 0; 0; 6572; 45
6617; 17; 10.9126; 5.60978; 49.7046; 10.5882; 5.52171; 11.0276; 5.24747; 6454; 163
6617; 20; 13.8733; 5.1213; 73.5715; 13.5666; 4.81012; 13.6974; 5.31501; 5796; 821
6617; 21; 14.3383; 5.27479; 79.8697; 14.1708; 5.44938; 14.1083; 5.19723; 5978; 639
6617; 22; 13.389; 5.00745; 70.4274; 13.2108; 5.19632; 13.1447; 4.94744; 5342; 1275
6617; 23; 10.7037; 5.15929; 46.5677; 10.3125; 5.10628; 0; 0; 6360; 257
6617; 24; 9.91831; 4.82772; 41.2598; 10.0625; 5.15977; 0; 0; 5169; 1448
6617; 25; 10.2826; 4.50458; 44.404; 9.86347; 4.55961; 10.3336; 4.76299; 5489; 1128
6617; 28; 9.95109; 3.99369; 43.7307; 9.87234; 4.22785; 0; 0; 6028; 589
6626; 1; 9.0501; 7.73359; 55.1352; 8.76203; 7.99166; 0; 0; 1331; 5295
6626; 2; 9.46844; 8.00449; 58.2684; 9.30036; 7.61296; 9.21855; 8.1261; 1585; 5041
6626; 3; 9.74277; 7.26969; 54.2905; 9.7044; 7.61202; 0; 0; 1621; 5005
6626; 4; 10.495; 7.94123; 60.5609; 10.1199; 7.60514; 0; 0; 1997; 4629
6626; 5; 11.2043; 7.67276; 61.3965; 11.0022; 7.47432; 0; 0; 2794; 3832
6626; 6; 10.5554; 7.38225; 57.1726; 10.5404; 7.64232; 10.1284; 7.34914; 2289; 4337
6626; 7; 11.2584; 6.99789; 59.7655; 11.3893; 7.23344; 11.1307; 7.21393; 2988; 3638
6626; 8; 10.4836; 6.52219; 54.7524; 10.4425; 7.00374; 0; 0; 2517; 4109
6626; 9; 10.0939; 5.60395; 54.4498; 10.3223; 6.04959; 0; 0; 2767; 3859
6626; 11; 12.8756; 5.34735; 45.9689; 12.6946; 5.81774; 0; 0; 4559; 2067
6626; 12; 12.2456; 6.99004; 62.4303; 11.761; 7.05437; 0; 0; 3368; 3258
6626; 13; 12.5463; 6.46896; 62.9921; 12.6442; 6.69943; 12.3871; 6.65829; 3569; 3057
6626; 14; 12.3609; 6.01497; 62.9703; 12.7108; 6.28046; 12.1965; 6.20327; 3742; 2884
6626; 15; 11.7043; 6.36847; 57.7456; 11.6575; 6.81381; 0; 0; 6572; 54
6626; 17; 10.9113; 5.60498; 49.6978; 10.5877; 5.51862; 11.0253; 5.24121; 6454; 172
6626; 20; 13.862; 5.11834; 73.5702; 13.554; 4.80988; 13.6963; 5.29678; 5796; 830
6626; 21; 14.3273; 5.2717; 79.8697; 14.1585; 5.4453; 14.096; 5.19314; 5978; 648
6626; 22; 13.3777; 5.00438; 70.4259; 13.2063; 5.19062; 13.1402; 4.94175; 5342; 1284
6626; 23; 10.7024; 5.15449; 46.561; 10.3159; 5.11389; 0; 0; 6360; 266
6626; 24; 9.91798; 4.82449; 41.2605; 10.0578; 5.15587; 0; 0; 5169; 1457
6626; 25; 10.2822; 4.50135; 44.405; 9.863; 4.55696; 10.337; 4.7706; 5489; 1137
6626; 28; 9.95049; 3.98909; 43.7263; 9.87187; 4.22513; 0; 0; 6028; 598
6627; 1; 9.05029; 7.73357; 55.1359; 8.76203; 7.99166; 0; 0; 1331; 5296
6627; 2; 9.46862; 8.00448; 58.2689; 9.30042; 7.6127; 9.21856; 8.12608; 1585; 5042
6627; 3; 9.74325; 7.26957; 54.291; 9.70793; 7.60932; 0; 0; 1621; 5006
6627; 4; 10.4956; 7.94104; 60.5601; 10.1171; 7.60685; 0; 0; 1997; 4630
6627; 5; 11.2048; 7.67257; 61.3967; 11.0025; 7.47529; 0; 0; 2794; 3833
6627; 6; 10.5558; 7.3822; 57.1724; 10.5472; 7.63835; 10.1256; 7.35085; 2289; 4338
6627; 7; 11.2589; 6.99772; 59.7655; 11.3788; 7.21609; 11.1202; 7.19659; 2988; 3639
6627; 8; 10.4839; 6.52226; 54.7522; 10.4424; 7.00324; 0; 0; 2517; 4110
6627; 9; 10.0941; 5.60406; 54.4497; 10.3224; 6.04923; 0; 0; 2767; 3860
6627; 11; 12.8771; 5.34628; 45.9745; 12.6947; 5.81612; 0; 0; 4559; 2068
6627; 12; 12.2459; 6.98911; 62.4274; 11.7627; 7.05431; 0; 0; 3368; 3259
6627; 13; 12.5464; 6.46734; 62.9921; 12.6405; 6.69583; 12.3834; 6.65468; 3569; 3058
6627; 14; 12.3611; 6.01335; 62.9703; 12.7113; 6.27841; 12.1982; 6.20393; 3742; 2885
6627; 15; 11.7046; 6.36836; 57.7447; 11.6592; 6.81375; 0; 0; 6572; 55
6627; 17; 10.9112; 5.60456; 49.6953; 10.5877; 5.51772; 11.0248; 5.24027; 6454; 173
6627; 20; 13.8652; 5.11738; 73.5715; 13.557; 4.80933; 13.6902; 5.31286; 5796; 831
6627; 21; 14.3302; 5.27086; 79.8697; 14.1627; 5.44546; 14.1003; 5.19331; 5978; 649
6627; 22; 13.3809; 5.00353; 70.4274; 13.2156; 5.18012; 13.1496; 4.93124; 5342; 1285
6627; 23; 10.7023; 5.15408; 46.5587; 10.3115; 5.10333; 0; 0; 6360; 267
6627; 24; 9.91814; 4.8247; 41.2603; 10.0622; 5.15711; 0; 0; 5169; 1458
6627; 25; 10.2824; 4.50157; 44.4047; 9.86296; 4.55602; 10.3326; 4.76004; 5489; 1138
6627; 28; 9.95033; 3.9883; 43.7221; 9.87184; 4.22417; 0; 0; 6028; 599
6643; 1; 9.05052; 7.73351; 55.1368; 8.76203; 7.99166; 0; 0; 1331; 5312
6643; 2; 9.46884; 8.00443; 58.2694; 9.30087; 7.61268; 9.21856; 8.12604; 1585; 5058
6643; 3; 9.74437; 7.26893; 54.2942; 9.70835; 7.60927; 0; 0; 1621; 5022
6643; 4; 10.4969; 7.94023; 60.5562; 10.1176; 7.60675; 0; 0; 1997; 4646
6643; 5; 11.2066; 7.67244; 61.393; 11.0031; 7.47509; 0; 0; 2794; 3849
6643; 6; 10.5563; 7.38206; 57.172; 10.5477; 7.63819; 10.1261; 7.35074; 2289; 4354
6643; 7; 11.2598; 6.99746; 59.7655; 11.3796; 7.21584; 11.121; 7.19633; 2988; 3655
6643; 8; 10.4844; 6.52189; 54.7521; 10.4429; 7.00314; 0; 0; 2517; 4126
6643; 9; 10.0945; 5.60337; 54.45; 10.3225; 6.04876; 0; 0; 2767; 3876
6643; 11; 12.8925; 5.36253; 46.0073; 12.7017; 5.8288; 0; 0; 4559; 2084
6643; 12; 12.2498; 6.99483; 62.4531; 11.7636; 7.054; 0; 0; 3368; 3275
6643; 13; 12.5533; 6.48003; 62.9922; 12.6463; 6.70765; 12.3892; 6.6665; 3569; 3074
6643; 14; 12.3681; 6.02602; 62.9702; 12.7171; 6.29095; 12.2036; 6.21599; 3742; 2901
6643; 15; 11.7035; 6.3689; 57.737; 11.6601; 6.81344; 0; 0; 6572; 71
6643; 17; 10.9062; 5.59544; 49.6567; 10.5873; 5.51638; 11.0144; 5.22293; 6454; 189
6643; 20; 13.8885; 5.13725; 73.5724; 13.5805; 4.8292; 13.7133; 5.33274; 5796; 847
6643; 21; 14.3533; 5.2907; 79.8693; 14.1858; 5.46534; 14.1233; 5.21318; 5978; 665
6643; 22; 13.4043; 5.02339; 70.4282; 13.2389; 5.2; 13.1729; 4.95112; 5342; 1301
6643; 23; 10.6973; 5.14496; 46.521; 10.3111; 5.10241; 0; 0; 6360; 283
6643; 24; 9.91872; 4.82383; 41.2605; 10.0622; 5.15632; 0; 0; 5169; 1474
6643; 25; 10.283; 4.5007; 44.405; 9.86316; 4.55488; 10.3322; 4.75912; 5489; 1154
6643; 28; 9.95017; 3.98427; 43.7098; 9.8769; 4.23028; 0; 0; 6028; 615
6647; 1; 9.05025; 7.73415; 55.1361; 8.76203; 7.99166; 0; 0; 1331; 5316
6647; 2; 9.4686; 8.00497; 58.269; 9.30044; 7.61329; 9.21852; 8.12631; 1585; 5062
6647; 3; 9.74373; 7.27019; 54.2936; 9.70792; 7.61001; 0; 0; 1621; 5026
6647; 4; 10.4961; 7.9419; 60.557; 10.1171; 7.6079; 0; 0; 1997; 4650
6647; 5; 11.2058; 7.67427; 61.3925; 11.0024; 7.47673; 0; 0; 2794; 3853
6647; 6; 10.5557; 7.38359; 57.1726; 10.5471; 7.63973; 10.1255; 7.35189; 2289; 4358
6647; 7; 11.2589; 6.99925; 59.7655; 11.3787; 7.21764; 11.1201; 7.19813; 2988; 3659
6647; 8; 10.4841; 6.52372; 54.7526; 10.4424; 7.00455; 0; 0; 2517; 4130
6647; 9; 10.0946; 5.60599; 54.4496; 10.3226; 6.05136; 0; 0; 2767; 3880
6647; 10; 9.26085; 5.1846; 43.9889; 8.76373; 5.10299; 0; 0; 6648; -1
6647; 11; 12.8905; 5.36514; 46.0058; 12.7005; 5.83151; 0; 0; 4559; 2088
6647; 12; 12.2486; 6.99715; 62.4545; 11.7626; 7.05585; 0; 0; 3368; 3279
6647; 13; 12.5521; 6.48273; 62.9921; 12.6451; 6.71074; 12.3879; 6.66959; 3569; 3078
6647; 14; 12.3668; 6.02874; 62.9703; 12.7158; 6.294; 12.2023; 6.21908; 3742; 2905
6647; 15; 11.7035; 6.37034; 57.7406; 11.6591; 6.81529; 0; 0; 6572; 75
6647; 17; 10.9069; 5.59916; 49.6609; 10.5877; 5.52098; 11.0157; 5.22754; 6454; 193
6647; 20; 13.8867; 5.13968; 73.5724; 13.5788; 4.83163; 13.7115; 5.33516; 5796; 851
6647; 21; 14.3514; 5.29314; 79.8694; 14.184; 5.46776; 14.1215; 5.2156; 5978; 669
6647; 22; 13.4025; 5.02581; 70.428; 13.2372; 5.20243; 13.1711; 4.95356; 5342; 1305
6647; 23; 10.6979; 5.14868; 46.5251; 10.3115; 5.10646; 0; 0; 6360; 287
6647; 24; 9.91834; 4.82748; 41.2584; 10.0625; 5.16038; 0; 0; 5169; 1478
6647; 25; 10.2826; 4.50432; 44.4022; 9.86245; 4.5609; 10.3327; 4.76317; 5489; 1158
6647; 28; 9.95043; 3.99246; 43.725; 9.87121; 4.22927; 0; 0; 6028; 619
6648; 1; 9.05018; 7.7338; 55.1356; 8.76203; 7.99166; 0; 0; 1331; 5317
6648; 2; 9.46852; 8.00467; 58.2687; 9.30017; 7.61322; 9.21854; 8.12618; 1585; 5063
6648; 3; 9.74337; 7.26972; 54.2926; 9.70406; 7.61247; 0; 0; 1621; 5027
6648; 4; 10.4957; 7.94131; 60.5584; 10.1194; 7.60559; 0; 0; 1997; 4651
6648; 5; 11.2049; 7.67348; 61.3937; 11.0013; 7.47464; 0; 0; 2794; 3854
6648; 6; 10.5555; 7.38275; 57.1731; 10.5398; 7.64281; 10.1279; 7.34959; 2289; 4359
6648; 7; 11.2583; 6.99852; 59.7655; 11.3884; 7.23339; 11.1297; 7.21388; 2988; 3660
6648; 8; 10.4843; 6.52284; 54.7526; 10.4421; 7.00452; 0; 0; 2517; 4131
6648; 9; 10.0885; 5.6062; 54.448; 10.3233; 6.05129; 0; 0; 2767; 3881
6648; 10; 9.25732; 5.18385; 43.986; 8.76373; 5.10299; 0; 0; 6648; 0
6648; 11; 12.8881; 5.36415; 46.0041; 12.6988; 5.83054; 0; 0; 4559; 2089
6648; 12; 12.2473; 6.99635; 62.4534; 11.7597; 7.05419; 0; 0; 3368; 3280
6648; 13; 12.5506; 6.48171; 62.9921; 12.6485; 6.71219; 12.3914; 6.67104; 3569; 3079
6648; 14; 12.3652; 6.02775; 62.9704; 12.7151; 6.29322; 12.2008; 6.21602; 3742; 2906
6648; 15; 11.705; 6.36873; 57.7494; 11.6563; 6.81363; 0; 0; 6572; 76
6648; 17; 10.9032; 5.60399; 49.6625; 10.5864; 5.52307; 11.013; 5.23215; 6454; 194
6648; 20; 13.8838; 5.13854; 73.5715; 13.5786; 4.82815; 13.7169; 5.33262; 5796; 852
6648; 21; 14.3488; 5.29204; 79.8697; 14.1862; 5.46231; 14.1238; 5.21015; 5978; 670
6648; 22; 13.3995; 5.02467; 70.4273; 13.2311; 5.21032; 13.165; 4.96145; 5342; 1306
6648; 23; 10.6943; 5.15351; 46.5267; 10.3174; 5.11595; 0; 0; 6360; 288
6648; 24; 9.91884; 4.82765; 41.2569; 10.0561; 5.15784; 0; 0; 5169; 1479
6648; 25; 10.284; 4.50571; 44.4062; 9.86374; 4.5604; 10.3385; 4.77266; 5489; 1159
6648; 28; 9.95027; 3.99335; 43.7316; 9.87275; 4.2292; 0; 0; 6028; 620
6650; 1; 9.04989; 7.73412; 55.1347; 8.76203; 7.99166; 0; 0; 1331; 5319
6650; 2; 9.46825; 8.00494; 58.2681; 9.29991; 7.61333; 9.21852; 8.12632; 1585; 5065
6650; 3; 9.74314; 7.27001; 54.2943; 9.70382; 7.61258; 0; 0; 1621; 5029
6650; 4; 10.4955; 7.94173; 60.5563; 10.1193; 7.60599; 0; 0; 1997; 4653
6650; 5; 11.2039; 7.67404; 61.3962; 11.0015; 7.47518; 0; 0; 2794; 3856
6650; 6; 10.5549; 7.38352; 57.1727; 10.5397; 7.64318; 10.1278; 7.34999; 2289; 4361
6650; 7; 11.2579; 6.99916; 59.7655; 11.3887; 7.23415; 11.13; 7.21464; 2988; 3662
6650; 8; 10.4836; 6.52359; 54.7536; 10.4419; 7.00477; 0; 0; 2517; 4133
6650; 9; 10.0884; 5.60594; 54.4493; 10.3229; 6.05105; 0; 0; 2767; 3883
6650; 10; 9.25735; 5.18336; 43.9841; 8.76373; 5.10299; 0; 0; 6648; 2
6650; 11; 12.8878; 5.36332; 46.0043; 12.6985; 5.82983; 0; 0; 4559; 2091
6650; 12; 12.2471; 6.99629; 62.451; 11.7602; 7.05503; 0; 0; 3368; 3282
6650; 13; 12.5502; 6.48104; 62.9921; 12.6481; 6.71151; 12.391; 6.67037; 3569; 3081
6650; 14; 12.3648; 6.02705; 62.9703; 12.7147; 6.29252; 12.2004; 6.21535; 3742; 2908
6650; 15; 11.7072; 6.36843; 57.7596; 11.6568; 6.81447; 0; 0; 6572; 78
6650; 17; 10.9055; 5.60581; 49.6787; 10.5855; 5.52268; 11.0177; 5.23744; 6454; 196
6650; 20; 13.8836; 5.13768; 73.5714; 13.5784; 4.82697; 13.7167; 5.33145; 5796; 854
6650; 21; 14.3487; 5.29116; 79.8697; 14.186; 5.46105; 14.1236; 5.20889; 5978; 672
6650; 22; 13.3994; 5.02382; 70.4273; 13.2308; 5.20916; 13.1648; 4.96029; 5342; 1308
6650; 23; 10.6967; 5.1553; 46.5425; 10.3175; 5.11465; 0; 0; 6360; 290
6650; 24; 9.91882; 4.8265; 41.2565; 10.0562; 5.15703; 0; 0; 5169; 1481
6650; 25; 10.284; 4.50455; 44.4055; 9.86366; 4.55937; 10.3386; 4.77136; 5489; 1161
6650; 28; 9.95038; 3.99298; 43.7342; 9.87268; 4.22816; 0; 0; 6028; 622
6650; 30; 11.6428; 4.81192; 62.4272; 11.1593; 4.96315; 0; 0; 6651; -1
6662; 1; 9.05209; 7.73453; 55.1423; 8.76203; 7.99166; 0; 0; 1331; 5331
6662; 2; 9.47033; 8.00531; 58.2734; 9.30385; 7.61393; 9.21862; 8.12636; 1585; 5077
6662; 3; 9.74748; 7.27081; 54.2943; 9.71118; 7.61061; 0; 0; 1621; 5041
6662; 4; 10.5001; 7.94257; 60.5533; 10.1207; 7.60863; 0; 0; 1997; 4665
6662; 5; 11.2099; 7.67763; 61.3916; 11.0062; 7.4786; 0; 0; 2794; 3868
6662; 6; 10.5598; 7.38487; 57.1764; 10.5504; 7.64102; 10.1292; 7.35262; 2289; 4373
6662; 7; 11.2646; 7.00312; 59.7655; 11.3826; 7.22097; 11.124; 7.20146; 2988; 3674
6662; 8; 10.4865; 6.52384; 54.7491; 10.4464; 7.00546; 0; 0; 2517; 4145
6662; 9; 10.0887; 5.60507; 54.4486; 10.3235; 6.05082; 0; 0; 2767; 3895
6662; 10; 9.25764; 5.18035; 43.9725; 8.76373; 5.10299; 0; 0; 6648; 14
6662; 11; 12.9057; 5.3812; 46.0151; 12.712; 5.84483; 0; 0; 4559; 2103
6662; 12; 12.2578; 7.00599; 62.4683; 11.7677; 7.05978; 0; 0; 3368; 3294
6662; 13; 12.5632; 6.49559; 62.992; 12.6612; 6.72607; 12.4041; 6.68492; 3569; 3093
6662; 14; 12.3783; 6.04191; 62.9712; 12.7282; 6.30747; 12.2135; 6.22993; 3742; 2920
6662; 15; 11.7045; 6.37556; 57.7205; 11.6642; 6.81922; 0; 0; 6572; 90
6662; 17; 10.9014; 5.59189; 49.6344; 10.5825; 5.51971; 11.0039; 5.21607; 6454; 208
6662; 20; 13.905; 5.15805; 73.5714; 13.6036; 4.84864; 13.7412; 5.35392; 5796; 866
6662; 21; 14.3702; 5.31135; 79.8693; 14.2083; 5.49289; 14.1459; 5.24073; 5978; 684
6662; 22; 13.4205; 5.04387; 70.4277; 13.2554; 5.22658; 13.1893; 4.9777; 5342; 1320
6662; 23; 10.6892; 5.14351; 46.4989; 10.3054; 5.10964; 0; 0; 6360; 302
6662; 24; 9.91879; 4.82239; 41.262; 10.0554; 5.15635; 0; 0; 5169; 1493
6662; 25; 10.2839; 4.50067; 44.4133; 9.86431; 4.55372; 10.3265; 4.76635; 5489; 1173
6662; 28; 9.95128; 3.9869; 43.7342; 9.87332; 4.22251; 0; 0; 6028; 634
6662; 30; 11.6128; 4.7629; 62.304; 11.1455; 4.94177; 0; 0; 6651; 11
6671; 1; 9.05141; 7.73391; 55.1404; 8.76203; 7.99166; 0; 0; 1331; 5340
6671; 2; 9.4697; 8.00478; 58.2718; 9.30263; 7.61339; 9.21855; 8.12614; 1585; 5086
6671; 3; 9.74574; 7.27003; 54.2922; 9.70655; 7.61237; 0; 0; 1621; 5050
6671; 4; 10.4984; 7.94146; 60.5579; 10.1223; 7.60543; 0; 0; 1997; 4674
6671; 5; 11.2082; 7.67404; 61.3949; 11.0044; 7.47482; 0; 0; 2794; 3877
6671; 6; 10.5583; 7.38305; 57.1726; 10.5426; 7.64264; 10.1308; 7.34943; 2289; 4382
6671; 7; 11.2619; 6.99912; 59.7655; 11.3916; 7.23395; 11.133; 7.21445; 2988; 3683
6671; 8; 10.4865; 6.52237; 54.753; 10.4448; 7.00397; 0; 0; 2517; 4154
6671; 9; 10.0907; 5.60389; 54.4489; 10.3252; 6.04927; 0; 0; 2767; 3904
6671; 10; 9.25785; 5.18137; 43.9764; 8.76373; 5.10299; 0; 0; 6648; 23
6671; 11; 12.8973; 5.37031; 46.0095; 12.7059; 5.83557; 0; 0; 4559; 2112
6671; 12; 12.253; 6.99933; 62.4603; 11.7642; 7.0555; 0; 0; 3368; 3303
6671; 13; 12.5574; 6.4866; 62.9921; 12.6505; 6.71509; 12.3933; 6.67395; 3569; 3102
6671; 14; 12.3722; 6.03273; 62.9707; 12.7214; 6.29848; 12.2078; 6.22341; 3742; 2929
6671; 17; 10.9045; 5.59191; 49.6365; 10.5865; 5.51977; 11.0075; 5.21668; 6454; 217
6671; 20; 13.895; 5.14622; 73.5714; 13.5867; 4.83801; 13.72; 5.34153; 5796; 875
6671; 21; 14.3601; 5.29944; 79.8694; 14.1924; 5.47411; 14.13; 5.22195; 5978; 693
6671; 22; 13.4106; 5.03215; 70.4275; 13.2453; 5.20876; 13.1792; 4.95989; 5342; 1329
6671; 23; 10.6923; 5.14354; 46.502; 10.3192; 5.11196; 0; 0; 6360; 311
6671; 24; 9.92085; 4.82324; 41.2582; 10.0582; 5.15467; 0; 0; 5169; 1502
6671; 25; 10.2862; 4.50088; 44.4057; 9.86596; 4.55561; 10.3403; 4.76867; 5489; 1182
6671; 28; 9.95332; 3.9898; 43.7375; 9.87529; 4.22279; 0; 0; 6028; 643
6671; 30; 11.6171; 4.76409; 62.3064; 11.1492; 4.94239; 0; 0; 6651; 20
6679; 1; 9.05515; 7.73257; 55.1488; 8.76203; 7.99166; 0; 0; 1331; 5348
6679; 2; 9.47309; 8.0037; 58.2792; 9.30859; 7.61225; 9.21917; 8.12547; 1585; 5094
6679; 3; 9.75166; 7.26871; 54.286; 9.71605; 7.6085; 0; 0; 1621; 5058
6679; 4; 10.5052; 7.93932; 60.5645; 10.1265; 7.60517; 0; 0; 1997; 4682
6679; 5; 11.2129; 7.66756; 61.4192; 11.0141; 7.47214; 0; 0; 2794; 3885
6679; 6; 10.5666; 7.37987; 57.1676; 10.5577; 7.63589; 10.135; 7.34917; 2289; 4390
6679; 7; 11.2728; 6.99359; 59.7656; 11.3927; 7.21195; 11.1341; 7.19245; 2988; 3691
6679; 8; 10.4925; 6.52019; 54.7489; 10.4521; 7.00164; 0; 0; 2517; 4162
6679; 9; 10.0944; 5.6026; 54.4468; 10.3301; 6.04728; 0; 0; 2767; 3912
6679; 10; 9.25838; 5.18125; 43.976; 8.76373; 5.10299; 0; 0; 6648; 31
6679; 11; 12.9155; 5.35651; 46.0168; 12.72; 5.82255; 0; 0; 4559; 2120
6679; 12; 12.2666; 6.98927; 62.4526; 11.7777; 7.04965; 0; 0; 3368; 3311
6679; 13; 12.571; 6.47396; 62.9927; 12.6672; 6.70059; 12.41; 6.65945; 3569; 3110
6679; 14; 12.3861; 6.01988; 62.9692; 12.7379; 6.28382; 12.2232; 6.20715; 3742; 2937
6679; 15; 11.7365; 6.358; 57.8178; 11.8984; 6.03502; 11.6743; 6.80909; 6680; -1
6679; 17; 10.908; 5.5918; 49.6377; 10.5904; 5.519; 11.0113; 5.21682; 6454; 225
6679; 20; 13.9158; 5.13269; 73.5711; 13.6074; 4.82458; 13.7409; 5.32791; 5796; 883
6679; 21; 14.3812; 5.28568; 79.8691; 14.2132; 5.46058; 14.1507; 5.20842; 5978; 701
6679; 22; 13.4312; 5.01877; 70.4281; 13.2658; 5.19538; 13.1998; 4.94651; 5342; 1337
6679; 23; 10.6957; 5.14333; 46.5038; 10.3222; 5.1114; 0; 0; 6360; 319
6679; 24; 9.92375; 4.82283; 41.2576; 10.0612; 5.15381; 0; 0; 5169; 1510
6679; 25; 10.2892; 4.50043; 44.405; 9.86878; 4.55531; 10.3433; 4.7681; 5489; 1190
6679; 28; 9.95684; 3.98939; 43.7367; 9.87773; 4.22262; 0; 0; 6028; 651
6679; 30; 11.6226; 4.76708; 62.3193; 11.1529; 4.94253; 0; 0; 6651; 28
6680; 1; 9.05392; 7.73252; 55.1458; 8.76203; 7.99166; 0; 0; 1331; 5349
6680; 2; 9.47197; 8.00364; 58.2766; 9.3066; 7.61207; 9.21898; 8.1255; 1585; 5095
6680; 3; 9.74963; 7.26832; 54.2878; 9.71403; 7.60836; 0; 0; 1621; 5059
6680; 4; 10.5029; 7.93893; 60.5627; 10.1242; 7.60506; 0; 0; 1997; 4683
6680; 5; 11.2123; 7.66806; 61.4086; 11.0112; 7.47213; 0; 0; 2794; 3886
6680; 6; 10.5638; 7.37975; 57.1684; 10.555; 7.63579; 10.1326; 7.34906; 2289; 4391
6680; 7; 11.2695; 6.99367; 59.7656; 11.3893; 7.21204; 11.1307; 7.19253; 2988; 3692
6680; 8; 10.4897; 6.51989; 54.7484; 10.4496; 7.00142; 0; 0; 2517; 4163
6680; 9; 10.0913; 5.60193; 54.4473; 10.326; 6.0459; 0; 0; 2767; 3913
6680; 10; 9.25787; 5.18018; 43.9719; 8.76373; 5.10299; 0; 0; 6648; 32
6680; 11; 12.9094; 5.35683; 46.0137; 12.7154; 5.82319; 0; 0; 4559; 2121
6680; 12; 12.2624; 6.98974; 62.4529; 11.7741; 7.04978; 0; 0; 3368; 3312
6680; 13; 12.5666; 6.47458; 62.9926; 12.6646; 6.70507; 12.4074; 6.66392; 3569; 3111
6680; 14; 12.3814; 6.02052; 62.9694; 12.7316; 6.28583; 12.217; 6.20881; 3742; 2938
6680; 15; 11.7322; 6.3582; 57.8142; 11.8894; 6.04771; 11.6707; 6.80922; 6680; 0
6680; 17; 10.9043; 5.59032; 49.6358; 10.5865; 5.51722; 11.0072; 5.21485; 6454; 226
6680; 20; 13.9086; 5.13269; 73.5712; 13.6078; 4.81985; 13.7458; 5.32441; 5796; 884
6680; 21; 14.374; 5.28574; 79.8692; 14.2127; 5.46358; 14.1503; 5.21142; 5978; 702
6680; 22; 13.4241; 5.01875; 70.4279; 13.2599; 5.19743; 13.1938; 4.94855; 5342; 1338
6680; 23; 10.6921; 5.14182; 46.5014; 10.3192; 5.10835; 0; 0; 6360; 320
6680; 24; 9.92063; 4.82118; 41.259; 10.0581; 5.15292; 0; 0; 5169; 1511
6680; 25; 10.286; 4.49887; 44.4067; 9.86579; 4.55334; 10.3403; 4.76506; 5489; 1191
6680; 28; 9.95391; 3.98765; 43.7377; 9.8748; 4.22214; 0; 0; 6028; 652
6680; 30; 11.6185; 4.76537; 62.3203; 11.1488; 4.94056; 0; 0; 6651; 29
6687; 1; 9.05572; 7.7357; 55.1514; 8.76203; 7.99166; 0; 0; 1331; 5356
6687; 2; 9.47367; 8.00635; 58.2812; 9.30982; 7.61548; 9.21913; 8.12667; 1585; 5102
6687; 3; 9.75297; 7.27423; 54.2868; 9.7172; 7.61226; 0; 0; 1621; 5066
6687; 4; 10.5072; 7.94618; 60.5609; 10.1277; 7.61081; 0; 0; 1997; 4690
6687; 5; 11.2096; 7.67668; 61.4371; 11.0153; 7.48039; 0; 0; 2794; 3893
6687; 6; 10.568; 7.38743; 57.1702; 10.559; 7.64334; 10.1361; 7.35481; 2289; 4398
6687; 7; 11.2741; 7.00343; 59.7655; 11.394; 7.22182; 11.1354; 7.20231; 2988; 3699
6687; 8; 10.4933; 6.52849; 54.7468; 10.4536; 7.00842; 0; 0; 2517; 4170
6687; 9; 10.094; 5.61317; 54.4443; 10.3306; 6.05771; 0; 0; 2767; 3920
6687; 10; 9.25809; 5.18799; 44.0021; 8.76373; 5.10299; 0; 0; 6648; 39
6687; 11; 12.9188; 5.37516; 46.0203; 12.7199; 5.84204; 0; 0; 4559; 2128
6687; 12; 12.2686; 7.00199; 62.4584; 11.7792; 7.06028; 0; 0; 3368; 3319
6687; 13; 12.5736; 6.48825; 62.9952; 12.6691; 6.71837; 12.412; 6.67723; 3569; 3118
6687; 14; 12.388; 6.03427; 62.9755; 12.7408; 6.30245; 12.2274; 6.22622; 3742; 2945
6687; 15; 11.738; 6.3689; 57.8173; 11.8979; 6.05665; 11.6758; 6.81972; 6680; 7
6687; 17; 10.9076; 5.60455; 49.6392; 10.5899; 5.53223; 11.011; 5.22993; 6454; 233
6687; 20; 13.9198; 5.15252; 73.5712; 13.6114; 4.84424; 13.7449; 5.34776; 5796; 891
6687; 21; 14.3852; 5.30579; 79.8691; 14.2209; 5.48318; 14.1585; 5.23102; 5978; 709
6687; 22; 13.4352; 5.03833; 70.4279; 13.2699; 5.21497; 13.2038; 4.9661; 5342; 1345
6687; 23; 10.6953; 5.15601; 46.5055; 10.322; 5.12406; 0; 0; 6360; 327
6687; 24; 9.92301; 4.83579; 41.2563; 10.0605; 5.16544; 0; 0; 5169; 1518
6687; 25; 10.2885; 4.51335; 44.4033; 9.86789; 4.56864; 10.3431; 4.78076; 5489; 1198
6687; 28; 9.95584; 4.00262; 43.7358; 9.87743; 4.23737; 0; 0; 6028; 659
6687; 30; 11.6239; 4.78343; 62.333; 11.1527; 4.95564; 0; 0; 6651; 36
6693; 1; 9.05398; 7.73325; 55.1463; 8.76203; 7.99166; 0; 0; 1331; 5362
6693; 2; 9.47204; 8.00426; 58.277; 9.30678; 7.61282; 9.21897; 8.12578; 1585; 5108
6693; 3; 9.75045; 7.26907; 54.2912; 9.71419; 7.60923; 0; 0; 1621; 5072
6693; 4; 10.5039; 7.94005; 60.5554; 10.1243; 7.60637; 0; 0; 1997; 4696
6693; 5; 11.2134; 7.67317; 61.3992; 11.0109; 7.47493; 0; 0; 2794; 3899
6693; 6; 10.564; 7.3813; 57.175; 10.5546; 7.63814; 10.1328; 7.35037; 2289; 4404
6693; 7; 11.2708; 6.99842; 59.7655; 11.3881; 7.21678; 11.1294; 7.19727; 2988; 3705
6693; 8; 10.4896; 6.52021; 54.7471; 10.4505; 7.00239; 0; 0; 2517; 4176
6693; 9; 10.0907; 5.60024; 54.4494; 10.3257; 6.04584; 0; 0; 2767; 3926
6693; 10; 9.25803; 5.17724; 43.9605; 8.76373; 5.10299; 0; 0; 6648; 45
6693; 11; 12.915; 5.36863; 46.0194; 12.718; 5.8355; 0; 0; 4559; 2134
6693; 12; 12.2653; 6.99602; 62.4579; 11.7733; 7.05495; 0; 0; 3368; 3325
6693; 13; 12.5703; 6.48207; 62.9954; 12.666; 6.71174; 12.4089; 6.67059; 3569; 3124
6693; 14; 12.3855; 6.02806; 62.9732; 12.7382; 6.29625; 12.2237; 6.21617; 3742; 2951
6693; 15; 11.7356; 6.36281; 57.8212; 11.896; 6.0539; 11.6698; 6.81439; 6680; 13
6693; 17; 10.9017; 5.5841; 49.6318; 10.5848; 5.51024; 11.0037; 5.20736; 6454; 239
6693; 20; 13.9157; 5.14582; 73.5713; 13.6109; 4.83433; 13.748; 5.33976; 5796; 897
6693; 21; 14.3811; 5.29912; 79.8692; 14.2104; 5.47725; 14.148; 5.22509; 5978; 715
6693; 22; 13.4312; 5.03164; 70.4278; 13.263; 5.21195; 13.1969; 4.96307; 5342; 1351
6693; 23; 10.6895; 5.13564; 46.4954; 10.2975; 5.08332; 0; 0; 6360; 333
6693; 24; 9.91978; 4.8158; 41.2619; 10.0578; 5.15014; 0; 0; 5169; 1524
6693; 25; 10.2851; 4.4936; 44.4112; 9.85656; 4.53911; 10.3186; 4.74003; 5489; 1204
6693; 28; 9.95251; 3.97841; 43.7264; 9.87932; 4.21486; 0; 0; 6028; 665
6693; 30; 11.6126; 4.75353; 62.3026; 11.1454; 4.93307; 0; 0; 6651; 42
6705; 1; 9.05167; 7.73381; 55.141; 8.76203; 7.99166; 0; 0; 1331; 5374
6705; 2; 9.46994; 8.00471; 58.2723; 9.30309; 7.61319; 9.21859; 8.12609; 1585; 5120
6705; 3; 9.74714; 7.26912; 54.2967; 9.70698; 7.61217; 0; 0; 1621; 5084
6705; 4; 10.5004; 7.93999; 60.5506; 10.1225; 7.60547; 0; 0; 1997; 4708
6705; 5; 11.2105; 7.67227; 61.3905; 11.0055; 7.47398; 0; 0; 2794; 3911
6705; 6; 10.5588; 7.38278; 57.1703; 10.5437; 7.6421; 10.1309; 7.34947; 2289; 4416
6705; 7; 11.263; 6.9972; 59.7655; 11.3923; 7.23118; 11.1337; 7.21168; 2988; 3717
6705; 8; 10.4862; 6.52368; 54.751; 10.445; 7.00433; 0; 0; 2517; 4188
6705; 9; 10.0893; 5.60704; 54.4469; 10.3243; 6.05137; 0; 0; 2767; 3938
6705; 10; 9.25753; 5.18339; 43.9842; 8.76373; 5.10299; 0; 0; 6648; 57
6705; 11; 12.8994; 5.36133; 46.0117; 12.7011; 5.83111; 0; 0; 4559; 2146
6705; 12; 12.2543; 6.99418; 62.4507; 11.7663; 7.05358; 0; 0; 3368; 3337
6705; 13; 12.558; 6.4786; 62.9932; 12.6518; 6.70721; 12.3947; 6.66606; 3569; 3136
6705; 14; 12.3721; 6.02464; 62.9714; 12.7228; 6.29064; 12.2094; 6.21537; 3742; 2963
6705; 15; 11.7248; 6.36172; 57.8109; 11.8792; 6.04624; 11.6628; 6.81301; 6680; 25
6705; 17; 10.9029; 5.59687; 49.6363; 10.5846; 5.52442; 11.006; 5.22154; 6454; 251
6705; 20; 13.898; 5.13698; 73.5714; 13.5929; 4.82537; 13.7303; 5.3303; 5796; 909
6705; 21; 14.3631; 5.29016; 79.8694; 14.1925; 5.46825; 14.1301; 5.21609; 5978; 727
6705; 22; 13.4136; 5.02297; 70.4274; 13.2451; 5.20304; 13.179; 4.95417; 5342; 1363
6705; 23; 10.6908; 5.14833; 46.5022; 10.3179; 5.11527; 0; 0; 6360; 345
6705; 24; 9.91938; 4.82762; 41.2594; 10.0583; 5.16447; 0; 0; 5169; 1536
6705; 25; 10.2848; 4.50535; 44.4076; 9.85586; 4.55791; 10.339; 4.77198; 5489; 1216
6705; 28; 9.9518; 3.99094; 43.7252; 9.87355; 4.22816; 0; 0; 6028; 677
6705; 30; 11.6153; 4.76859; 62.3048; 11.1476; 4.94725; 0; 0; 6651; 54
6708; 1; 9.05149; 7.73404; 55.1407; 8.76203; 7.99166; 0; 0; 1331; 5377
6708; 2; 9.46977; 8.0049; 58.272; 9.30283; 7.61337; 9.21855; 8.12619; 1585; 5123
6708; 3; 9.74692; 7.26943; 54.2973; 9.71016; 7.60999; 0; 0; 1621; 5087
6708; 4; 10.5002; 7.94041; 60.5499; 10.1195; 7.60774; 0; 0; 1997; 4711
6708; 5; 11.2105; 7.6731; 61.3885; 11.0054; 7.47607; 0; 0; 2794; 3914
6708; 6; 10.5584; 7.38332; 57.1706; 10.5498; 7.63943; 10.128; 7.35173; 2289; 4419
6708; 7; 11.2626; 6.99795; 59.7655; 11.3824; 7.21633; 11.1238; 7.19683; 2988; 3720
6708; 8; 10.4855; 6.52423; 54.7504; 10.4447; 7.00467; 0; 0; 2517; 4191
6708; 9; 10.0884; 5.60762; 54.4468; 10.3239; 6.05215; 0; 0; 2767; 3941
6708; 10; 9.25742; 5.1832; 43.9835; 8.76373; 5.10299; 0; 0; 6648; 60
6708; 11; 12.899; 5.36245; 46.0117; 12.7061; 5.82875; 0; 0; 4559; 2149
6708; 12; 12.2539; 6.99508; 62.451; 11.7666; 7.05419; 0; 0; 3368; 3340
6708; 13; 12.5577; 6.47959; 62.9933; 12.6556; 6.71005; 12.3985; 6.66891; 3569; 3139
6708; 14; 12.3717; 6.02561; 62.9717; 12.7224; 6.2914; 12.208; 6.2136; 3742; 2966
6708; 15; 11.7244; 6.36252; 57.811; 11.8802; 6.05226; 11.6632; 6.81363; 6680; 28
6708; 17; 10.9023; 5.59821; 49.6394; 10.5869; 5.52854; 11.0059; 5.22359; 6454; 254
6708; 20; 13.8976; 5.13812; 73.5714; 13.5926; 4.82649; 13.73; 5.33142; 5796; 912
6708; 21; 14.3627; 5.29131; 79.8694; 14.1922; 5.46938; 14.1297; 5.21722; 5978; 730
6708; 22; 13.4132; 5.0241; 70.4274; 13.2447; 5.20417; 13.1787; 4.95529; 5342; 1366
6708; 23; 10.6902; 5.14965; 46.5055; 10.3159; 5.1127; 0; 0; 6360; 348
6708; 24; 9.91864; 4.82754; 41.2612; 10.0565; 5.1619; 0; 0; 5169; 1539
6708; 25; 10.284; 4.50537; 44.4101; 9.86881; 4.55869; 10.337; 4.7694; 5489; 1219
6708; 28; 9.95149; 3.99166; 43.7302; 9.89749; 4.24247; 0; 0; 6028; 680
6708; 30; 11.6154; 4.77115; 62.3068; 11.1475; 4.9493; 0; 0; 6651; 57
6712; 1; 9.04685; 7.73243; 55.1223; 8.76203; 7.99166; 0; 0; 1331; 5381
6712; 2; 9.46529; 8.00346; 58.2599; 9.29349; 7.61103; 9.21858; 8.12584; 1585; 5127
6712; 3; 9.73798; 7.26609; 54.299; 9.70154; 7.60764; 0; 0; 1621; 5091
6712; 4; 10.4899; 7.93634; 60.5476; 10.1103; 7.60469; 0; 0; 1997; 4715
6712; 5; 11.1955; 7.66968; 61.3969; 10.9947; 7.47261; 0; 0; 2794; 3918
6712; 6; 10.5491; 7.38; 57.1747; 10.5391; 7.63577; 10.1187; 7.34869; 2289; 4423
6712; 7; 11.2498; 6.99404; 59.7607; 11.3696; 7.21321; 11.1109; 7.19371; 2988; 3724
6712; 8; 10.4788; 6.52051; 54.7564; 10.4352; 7.00059; 0; 0; 2517; 4195
6712; 9; 10.0851; 5.60539; 54.4474; 10.3191; 6.04954; 0; 0; 2767; 3945
6712; 10; 9.25686; 5.18316; 43.9833; 8.76373; 5.10299; 0; 0; 6648; 64
6712; 11; 12.8712; 5.34562; 45.9749; 12.6883; 5.8169; 0; 0; 4559; 2153
6712; 12; 12.2376; 6.98723; 62.4401; 11.7527; 7.05024; 0; 0; 3368; 3344
6712; 13; 12.5398; 6.46942; 62.9892; 12.6378; 6.69994; 12.3806; 6.65879; 3569; 3143
6712; 14; 12.3537; 6.01567; 62.9639; 12.7045; 6.27954; 12.1899; 6.20453; 3742; 2970
6712; 15; 11.7087; 6.35648; 57.802; 11.8619; 6.04437; 11.6492; 6.80967; 6680; 32
6712; 17; 10.9016; 5.60006; 49.6503; 10.5846; 5.53024; 11.0067; 5.22767; 6454; 258
6712; 20; 13.8607; 5.11701; 73.5713; 13.556; 4.80325; 13.6871; 5.30814; 5796; 916
6712; 21; 14.3259; 5.26999; 79.8693; 14.1552; 5.44796; 14.0927; 5.1958; 5978; 734
6712; 22; 13.3764; 5.0032; 70.4276; 13.2036; 5.17803; 13.1375; 4.92915; 5342; 1370
6712; 23; 10.6896; 5.15138; 46.5161; 10.3121; 5.11685; 0; 0; 6360; 352
6712; 24; 9.91703; 4.82735; 41.2611; 10.0555; 5.16887; 0; 0; 5169; 1543
6712; 25; 10.2822; 4.50527; 44.4092; 9.86841; 4.5639; 10.3333; 4.77356; 5489; 1223
6712; 27; 14.3204; 5.92506; 94.4207; 14.2389; 5.68585; 14.4977; 5.73061; 6713; -1
6712; 28; 9.95049; 3.99362; 43.7373; 9.88631; 4.23357; 0; 0; 6028; 684
6712; 30; 11.6168; 4.77653; 62.3122; 11.1484; 4.95338; 0; 0; 6651; 61
6714; 1; 9.04583; 7.73166; 55.118; 8.76203; 7.99166; 0; 0; 1331; 5383
6714; 2; 9.4643; 8.00278; 58.2571; 9.29136; 7.6101; 9.21861; 8.1256; 1585; 5129
6714; 3; 9.7366; 7.2641; 54.3024; 9.6996; 7.60662; 0; 0; 1621; 5093
6714; 4; 10.4884; 7.93391; 60.5435; 10.1082; 7.60326; 0; 0; 1997; 4717
6714; 5; 11.1891; 7.66683; 61.4114; 10.9924; 7.47068; 0; 0; 2794; 3920
6714; 6; 10.5469; 7.37813; 57.175; 10.5368; 7.63405; 10.1167; 7.34726; 2289; 4425
6714; 7; 11.2469; 6.99156; 59.7602; 11.3669; 7.21093; 11.1083; 7.19142; 2988; 3726
6714; 8; 10.4777; 6.51849; 54.7592; 10.4331; 6.99877; 0; 0; 2517; 4197
6714; 9; 10.0857; 5.60294; 54.4492; 10.3189; 6.04649; 0; 0; 2767; 3947
6714; 10; 9.25695; 5.18262; 43.9812; 8.76373; 5.10299; 0; 0; 6648; 66
6714; 11; 12.866; 5.34075; 45.9715; 12.684; 5.81277; 0; 0; 4559; 2155
6714; 12; 12.2338; 6.98384; 62.4375; 11.7498; 7.04764; 0; 0; 3368; 3346
6714; 13; 12.5357; 6.46546; 62.9886; 12.6336; 6.69598; 12.3765; 6.65484; 3569; 3145
6714; 14; 12.3494; 6.01178; 62.9629; 12.7002; 6.27541; 12.1858; 6.20073; 3742; 2972
6714; 15; 11.7053; 6.35342; 57.8005; 11.8577; 6.04077; 11.6463; 6.80708; 6680; 34
6714; 17; 10.9039; 5.60619; 49.6808; 10.5872; 5.52785; 11.0163; 5.23826; 6454; 260
6714; 20; 13.8549; 5.11156; 73.5708; 13.5464; 4.79769; 13.6748; 5.36798; 5796; 918
6714; 21; 14.3205; 5.26429; 79.8686; 14.1467; 5.44584; 14.0843; 5.19368; 5978; 736
6714; 22; 13.3705; 4.99783; 70.4274; 13.2015; 5.20928; 13.1355; 4.9604; 5342; 1372
6714; 23; 10.695; 5.1557; 46.5446; 10.3151; 5.11225; 0; 0; 6360; 354
6714; 24; 9.918; 4.82566; 41.2583; 10.0565; 5.16155; 0; 0; 5169; 1545
6714; 25; 10.2834; 4.50342; 44.4057; 9.86311; 4.55811; 10.3362; 4.76895; 5489; 1225
6714; 27; 14.3151; 5.91913; 94.4211; 14.225; 5.69323; 14.4837; 5.73799; 6713; 1
6714; 28; 9.95141; 3.99262; 43.7374; 9.88605; 4.23156; 0; 0; 6028; 686
6714; 30; 11.6296; 4.78867; 62.3241; 11.1579; 4.96397; 0; 0; 6651; 63
6715; 1; 9.04657; 7.73296; 55.1215; 8.76203; 7.99166; 0; 0; 1331; 5384
6715; 2; 9.46504; 8.0039; 58.2594; 9.29122; 7.61103; 9.21855; 8.12606; 1585; 5130
6715; 3; 9.73788; 7.26666; 54.3012; 9.69552; 7.61037; 0; 0; 1621; 5094
6715; 4; 10.4899; 7.93691; 60.5432; 10.1101; 7.60113; 0; 0; 1997; 4718
6715; 5; 11.187; 7.67072; 61.4246; 10.9834; 7.47031; 0; 0; 2794; 3921
6715; 6; 10.5485; 7.38157; 57.1763; 10.5252; 7.6458; 10.1186; 7.34513; 2289; 4426
6715; 7; 11.2481; 6.99631; 59.7613; 11.3666; 7.21201; 11.108; 7.1925; 2988; 3727
6715; 8; 10.48; 6.52155; 54.7612; 10.433; 7.00007; 0; 0; 2517; 4198
6715; 9; 10.0888; 5.60611; 54.4484; 10.3218; 6.05192; 0; 0; 2767; 3948
6715; 10; 9.2574; 5.18504; 43.9905; 8.76373; 5.10299; 0; 0; 6648; 67
6715; 11; 12.8674; 5.3519; 45.9749; 12.6742; 5.81537; 0; 0; 4559; 2156
6715; 12; 12.2349; 6.99109; 62.4428; 11.748; 7.04782; 0; 0; 3368; 3347
6715; 13; 12.5371; 6.474; 62.9901; 12.6261; 6.69259; 12.369; 6.65144; 3569; 3146
6715; 14; 12.3505; 6.02037; 62.9665; 12.696; 6.27503; 12.1816; 6.20168; 3742; 2973
6715; 15; 11.7065; 6.35964; 57.7989; 11.8514; 6.03273; 11.6446; 6.80726; 6680; 35
6715; 17; 10.9002; 5.5923; 49.611; 10.5911; 5.53487; 10.9996; 5.21171; 6454; 261
6715; 20; 13.8561; 5.1231; 73.5695; 13.5474; 4.81518; 13.6814; 5.31718; 5796; 919
6715; 21; 14.3217; 5.2761; 79.8702; 14.1443; 5.45086; 14.0819; 5.1987; 5978; 737
6715; 22; 13.3716; 5.00914; 70.426; 13.206; 5.18611; 13.14; 4.93723; 5342; 1373
6715; 23; 10.6882; 5.1438; 46.4778; 10.3192; 5.11887; 0; 0; 6360; 355
6715; 24; 9.9209; 4.8298; 41.2566; 10.0608; 5.16881; 0; 0; 5169; 1546
6715; 25; 10.2863; 4.50748; 44.4033; 9.86714; 4.56266; 10.3403; 4.77558; 5489; 1226
6715; 27; 14.3142; 5.93121; 94.4207; 14.2265; 5.69467; 14.4853; 5.73943; 6713; 2
6715; 28; 9.95421; 3.99752; 43.7383; 9.89132; 4.24064; 0; 0; 6028; 687
6715; 30; 11.6122; 4.76378; 62.3275; 11.1413; 4.93742; 0; 0; 6651; 64
6716; 1; 9.04574; 7.73306; 55.1185; 8.76203; 7.99166; 0; 0; 1331; 5385
6716; 2; 9.46424; 8.00397; 58.2574; 9.29138; 7.61152; 9.21854; 8.12615; 1585; 5131
6716; 3; 9.73636; 7.26672; 54.3018; 9.69957; 7.60828; 0; 0; 1621; 5095
6716; 4; 10.4883; 7.93736; 60.5425; 10.1086; 7.60368; 0; 0; 1997; 4719
6716; 5; 11.1839; 7.67195; 61.4294; 10.9817; 7.46937; 0; 0; 2794; 3922
6716; 6; 10.5464; 7.38185; 57.1779; 10.5245; 7.64697; 10.1171; 7.34768; 2289; 4427
6716; 7; 11.2464; 6.99805; 59.7623; 11.368; 7.2239; 11.1093; 7.20439; 2988; 3728
6716; 8; 10.4775; 6.52094; 54.7603; 10.4329; 7.00213; 0; 0; 2517; 4199
6716; 9; 10.0859; 5.60342; 54.4506; 10.319; 6.04825; 0; 0; 2767; 3949
6716; 10; 9.257; 5.18216; 43.9794; 8.76373; 5.10299; 0; 0; 6648; 68
6716; 11; 12.8691; 5.36144; 45.987; 12.6846; 5.8285; 0; 0; 4559; 2157
6716; 12; 12.2338; 6.99509; 62.4487; 11.7463; 7.04938; 0; 0; 3368; 3348
6716; 13; 12.5367; 6.47937; 62.992; 12.6346; 6.70983; 12.3775; 6.66869; 3569; 3147
6716; 14; 12.3501; 6.02575; 62.9706; 12.7008; 6.29114; 12.1868; 6.21371; 3742; 2974
6716; 15; 11.7053; 6.36261; 57.7997; 11.8585; 6.0527; 11.6428; 6.80882; 6680; 36
6716; 17; 10.8995; 5.59076; 49.6303; 10.5839; 5.52258; 11.0012; 5.2133; 6454; 262
6716; 20; 13.8607; 5.13434; 73.5715; 13.5511; 4.83065; 13.6855; 5.33318; 5796; 920
6716; 21; 14.3255; 5.28788; 79.871; 14.1582; 5.46223; 14.0958; 5.21007; 5978; 738
6716; 22; 13.3763; 5.02021; 70.4274; 13.2001; 5.20849; 13.1341; 4.95961; 5342; 1374
6716; 23; 10.6874; 5.14218; 46.4928; 10.3164; 5.11483; 0; 0; 6360; 356
6716; 24; 9.91793; 4.82414; 41.2584; 10.0544; 5.15474; 0; 0; 5169; 1547
6716; 25; 10.2828; 4.50238; 44.4074; 9.86273; 4.55711; 10.3375; 4.77153; 5489; 1227
6716; 27; 14.3178; 5.94308; 94.4208; 14.232; 5.71402; 14.4907; 5.75878; 6713; 3
6716; 28; 9.95075; 3.99096; 43.7366; 9.88892; 4.2369; 0; 0; 6028; 688
6716; 30; 11.6114; 4.76094; 62.307; 11.1429; 4.93901; 0; 0; 6651; 65
6747; 1; 9.04926; 7.72787; 55.1287; 8.76203; 7.99166; 0; 0; 1331; 5416
6747; 2; 9.4675; 7.99964; 58.2644; 9.29755; 7.60672; 9.21888; 8.12392; 1585; 5162
6747; 3; 9.74075; 7.25948; 54.2897; 9.70549; 7.60243; 0; 0; 1621; 5126
6747; 4; 10.4934; 7.92741; 60.5598; 10.1149; 7.59656; 0; 0; 1997; 4750
6747; 5; 11.2003; 7.65311; 61.4093; 11.0012; 7.4586; 0; 0; 2794; 3953
6747; 6; 10.5531; 7.36839; 57.1608; 10.545; 7.62478; 10.1234; 7.34055; 2289; 4458
6747; 7; 11.2591; 6.97519; 59.7657; 11.3776; 7.19715; 11.1189; 7.17765; 2988; 3759
6747; 8; 10.4819; 6.51148; 54.7518; 10.4388; 6.99245; 0; 0; 2517; 4230
6747; 9; 10.0885; 5.59515; 54.4443; 10.3181; 6.03557; 0; 0; 2767; 3980
6747; 10; 9.26029; 5.17919; 43.968; 8.76373; 5.10299; 0; 0; 6648; 99
6747; 11; 12.8334; 5.29191; 45.7774; 12.6985; 5.78365; 0; 0; 4559; 2188
6747; 12; 12.2467; 6.96206; 62.4189; 11.7622; 7.03193; 0; 0; 3368; 3379
6747; 13; 12.5492; 6.43769; 62.9809; 12.6458; 6.66782; 12.3887; 6.62667; 3569; 3178
6747; 14; 12.3651; 5.98388; 62.9565; 12.7139; 6.24878; 12.2; 6.1775; 3742; 3005
6747; 15; 11.7187; 6.33013; 57.8092; 11.8793; 6.00489; 11.6587; 6.79137; 6680; 67
6747; 20; 13.7755; 5.03906; 73.5639; 13.4658; 4.73285; 13.6002; 5.23497; 5796; 951
6747; 21; 14.2408; 5.19082; 79.8709; 14.0726; 5.36584; 14.0101; 5.11369; 5978; 769
6747; 22; 13.2905; 4.927; 70.4244; 13.1239; 5.10677; 13.0578; 4.85789; 5342; 1405
6747; 23; 10.6814; 5.1336; 46.4862; 10.306; 5.10663; 0; 0; 6360; 387
6747; 24; 9.91055; 4.81752; 41.2588; 10.0538; 5.15913; 0; 0; 5169; 1578
6747; 25; 10.2756; 4.49447; 44.4043; 9.85146; 4.55239; 10.3271; 4.76334; 5489; 1258
6747; 27; 14.2364; 5.84514; 94.4187; 14.1534; 5.60651; 14.4122; 5.65127; 6713; 34
6747; 28; 9.9419; 3.98253; 43.7272; 9.8641; 4.2177; 0; 0; 6028; 719
6747; 30; 11.6002; 4.75157; 62.3044; 11.1331; 4.93103; 0; 0; 6651; 96
6755; 1; 9.0549; 7.73449; 55.149; 8.76203; 7.99166; 0; 0; 1331; 5424
6755; 2; 9.47289; 8.00531; 58.2792; 9.30838; 7.61417; 9.21906; 8.12623; 1585; 5170
6755; 3; 9.75281; 7.27085; 54.294; 9.71578; 7.61076; 0; 0; 1621; 5134
6755; 4; 10.5075; 7.9415; 60.5502; 10.1261; 7.60862; 0; 0; 1997; 4758
6755; 5; 11.2145; 7.67547; 61.4032; 11.0106; 7.47518; 0; 0; 2794; 3961
6755; 6; 10.5654; 7.38426; 57.1711; 10.5491; 7.64392; 10.1346; 7.35261; 2289; 4466
6755; 7; 11.2728; 7.00106; 59.7656; 11.3968; 7.2298; 11.1382; 7.2103; 2988; 3767
6755; 8; 10.494; 6.5237; 54.7505; 10.4515; 7.00529; 0; 0; 2517; 4238
6755; 9; 10.0995; 5.60642; 54.444; 10.331; 6.05056; 0; 0; 2767; 3988
6755; 10; 9.26114; 5.18499; 43.9904; 8.76373; 5.10299; 0; 0; 6648; 107
6755; 11; 12.8899; 5.36214; 45.9219; 12.7212; 5.83477; 0; 0; 4559; 2196
6755; 12; 12.2672; 6.99965; 62.4574; 11.7768; 7.05656; 0; 0; 3368; 3387
6755; 13; 12.5718; 6.48568; 62.9918; 12.6696; 6.71537; 12.4125; 6.67422; 3569; 3186
6755; 14; 12.3876; 6.03073; 62.973; 12.7382; 6.29584; 12.2221; 6.22009; 3742; 3013
6755; 15; 11.7371; 6.36608; 57.8188; 11.8952; 6.05814; 11.6733; 6.816; 6680; 75
6755; 20; 13.8633; 5.13373; 73.5721; 13.5587; 4.82244; 13.6896; 5.32854; 5796; 959
6755; 21; 14.3268; 5.2868; 79.8728; 14.1566; 5.47044; 14.0941; 5.21828; 5978; 777
6755; 22; 13.3789; 5.01961; 70.4282; 13.2028; 5.20956; 13.1368; 4.96069; 5342; 1413
6755; 23; 10.684; 5.13333; 46.4319; 10.32; 5.11792; 0; 0; 6360; 395
6755; 24; 9.92153; 4.8286; 41.2589; 10.0621; 5.15915; 0; 0; 5169; 1586
6755; 25; 10.287; 4.50566; 44.4039; 9.85399; 4.55321; 10.3411; 4.77463; 5489; 1266
6755; 27; 14.3202; 5.94392; 94.4217; 14.2373; 5.70612; 14.4961; 5.75088; 6713; 42
6755; 28; 9.9454; 3.96716; 43.6204; 9.87933; 4.22946; 0; 0; 6028; 727
6755; 30; 11.5941; 4.73999; 62.3039; 11.1271; 4.9196; 0; 0; 6651; 104
6756; 1; 9.05443; 7.73458; 55.1479; 8.76203; 7.99166; 0; 0; 1331; 5425
6756; 2; 9.47247; 8.00539; 58.2783; 9.30763; 7.61422; 9.21898; 8.12629; 1585; 5171
6756; 3; 9.75229; 7.2707; 54.2959; 9.71501; 7.61084; 0; 0; 1621; 5135
6756; 4; 10.507; 7.94132; 60.5478; 10.1252; 7.60878; 0; 0; 1997; 4759
6756; 5; 11.2132; 7.67593; 61.4026; 11.0119; 7.47759; 0; 0; 2794; 3962
6756; 6; 10.5644; 7.3845; 57.1719; 10.5562; 7.6407; 10.1336; 7.35277; 2289; 4467
6756; 7; 11.2711; 7.00103; 59.7655; 11.3887; 7.21967; 11.1301; 7.20017; 2988; 3768
6756; 8; 10.4934; 6.5237; 54.751; 10.4506; 7.00539; 0; 0; 2517; 4239
6756; 9; 10.0992; 5.60627; 54.4443; 10.3307; 6.05043; 0; 0; 2767; 3989
6756; 10; 9.26112; 5.18482; 43.9897; 8.76373; 5.10299; 0; 0; 6648; 108
6756; 11; 12.8834; 5.3586; 45.9063; 12.7178; 5.83447; 0; 0; 4559; 2197
6756; 12; 12.2653; 6.99919; 62.4558; 11.7771; 7.05659; 0; 0; 3368; 3388
6756; 13; 12.5694; 6.48524; 62.9903; 12.6664; 6.71483; 12.4093; 6.67368; 3569; 3187
6756; 14; 12.3845; 6.0303; 62.9711; 12.734; 6.29621; 12.2217; 6.22074; 3742; 3014
6756; 15; 11.7347; 6.36625; 57.8163; 11.8981; 6.04751; 11.6737; 6.81602; 6680; 76
6756; 20; 13.8535; 5.12754; 73.5724; 13.5454; 4.81894; 13.6794; 5.32257; 5796; 960
6756; 21; 14.317; 5.28208; 79.8721; 14.1462; 5.46509; 14.0837; 5.21293; 5978; 778
6756; 22; 13.3696; 5.01274; 70.426; 13.2044; 5.18858; 13.1384; 4.9397; 5342; 1414
6756; 23; 10.6839; 5.1324; 46.4314; 10.3197; 5.11718; 0; 0; 6360; 396
6756; 24; 9.92171; 4.82804; 41.2597; 10.0619; 5.15896; 0; 0; 5169; 1587
6756; 25; 10.286; 4.50489; 44.4039; 9.86664; 4.56071; 10.3408; 4.77389; 5489; 1267
6756; 27; 14.3105; 5.93817; 94.4187; 14.2272; 5.69964; 14.486; 5.7444; 6713; 43
6756; 28; 9.94658; 3.96852; 43.6282; 9.88141; 4.23177; 0; 0; 6028; 728
6756; 30; 11.5941; 4.73912; 62.3045; 11.1271; 4.91996; 0; 0; 6651; 105
6761; 1; 9.05161; 7.73424; 55.141; 8.76203; 7.99166; 0; 0; 1331; 5430
6761; 2; 9.46989; 8.00506; 58.2723; 9.30294; 7.61363; 9.21856; 8.12626; 1585; 5176
6761; 3; 9.74794; 7.26917; 54.3011; 9.70683; 7.61267; 0; 0; 1621; 5140
6761; 4; 10.502; 7.93957; 60.5421; 10.1226; 7.60596; 0; 0; 1997; 4764
6761; 5; 11.2071; 7.67521; 61.3968; 11.0053; 7.47696; 0; 0; 2794; 3967
6761; 6; 10.5585; 7.38388; 57.1734; 10.5438; 7.64368; 10.1311; 7.34996; 2289; 4472
6761; 7; 11.2625; 6.99962; 59.7655; 11.3811; 7.21873; 11.1225; 7.19922; 2988; 3773
6761; 8; 10.4894; 6.52341; 54.7538; 10.4452; 7.00471; 0; 0; 2517; 4244
6761; 9; 10.0969; 5.60628; 54.4455; 10.3276; 6.05012; 0; 0; 2767; 3994
6761; 10; 9.26095; 5.18509; 43.9908; 8.76373; 5.10299; 0; 0; 6648; 113
6761; 11; 12.8555; 5.3473; 45.8445; 12.7048; 5.82967; 0; 0; 4559; 2202
6761; 12; 12.2525; 6.99594; 62.4548; 11.7656; 7.05628; 0; 0; 3368; 3393
6761; 13; 12.556; 6.48131; 62.9902; 12.6536; 6.71131; 12.3964; 6.67016; 3569; 3192
6761; 14; 12.3714; 6.02652; 62.9698; 12.7208; 6.29245; 12.2062; 6.21612; 3742; 3019
6761; 15; 11.7244; 6.36415; 57.8074; 11.8792; 6.05483; 11.6621; 6.81571; 6680; 81
6761; 20; 13.8125; 5.1067; 73.5674; 13.5017; 4.79937; 13.6349; 5.30184; 5796; 965
6761; 21; 14.277; 5.25915; 79.8715; 14.104; 5.43814; 14.0416; 5.18599; 5978; 783
6761; 22; 13.3275; 4.99364; 70.4266; 13.1497; 5.1767; 13.0837; 4.92782; 5342; 1419
6761; 23; 10.682; 5.13223; 46.4305; 10.3139; 5.10708; 0; 0; 6360; 401
6761; 24; 9.91986; 4.82837; 41.2591; 10.0636; 5.16044; 0; 0; 5169; 1592
6761; 25; 10.2841; 4.5052; 44.403; 9.85902; 4.55661; 10.335; 4.76379; 5489; 1272
6761; 27; 14.2723; 5.91468; 94.4218; 14.1871; 5.67721; 14.4459; 5.72197; 6713; 48
6761; 28; 9.94972; 3.98376; 43.69; 9.88192; 4.23312; 0; 0; 6028; 733
6761; 30; 11.5923; 4.73904; 62.3059; 11.1249; 4.91821; 0; 0; 6651; 110
6765; 1; 9.05183; 7.73427; 55.1416; 8.76203; 7.99166; 0; 0; 1331; 5434
6765; 2; 9.47009; 8.0051; 58.2728; 9.30346; 7.61387; 9.21859; 8.12627; 1585; 5180
6765; 3; 9.74818; 7.26937; 54.3002; 9.70736; 7.61289; 0; 0; 1621; 5144
6765; 4; 10.5022; 7.93983; 60.5432; 10.1232; 7.60632; 0; 0; 1997; 4768
6765; 5; 11.2078; 7.67522; 61.3964; 11.0054; 7.47574; 0; 0; 2794; 3971
6765; 6; 10.559; 7.38397; 57.1731; 10.5437; 7.64376; 10.1317; 7.35031; 2289; 4476
6765; 7; 11.2632; 6.99962; 59.7655; 11.3926; 7.23516; 11.134; 7.21566; 2988; 3777
6765; 8; 10.4898; 6.52378; 54.7537; 10.4458; 7.00518; 0; 0; 2517; 4248
6765; 9; 10.0972; 5.60693; 54.4452; 10.328; 6.05074; 0; 0; 2767; 3998
6765; 10; 9.26095; 5.18571; 43.9932; 8.76373; 5.10299; 0; 0; 6648; 117
6765; 11; 12.8601; 5.34922; 45.858; 12.7062; 5.82997; 0; 0; 4559; 2206
6765; 12; 12.2535; 6.99605; 62.4554; 11.7664; 7.05739; 0; 0; 3368; 3397
6765; 13; 12.5575; 6.48154; 62.9905; 12.6548; 6.71154; 12.3976; 6.6704; 3569; 3196
6765; 14; 12.3728; 6.02671; 62.9702; 12.7224; 6.29243; 12.2076; 6.21626; 3742; 3023
6765; 15; 11.7254; 6.36421; 57.8085; 11.8806; 6.05491; 11.6629; 6.81683; 6680; 85
6765; 20; 13.82; 5.11075; 73.5684; 13.5109; 4.8039; 13.644; 5.30637; 5796; 969
6765; 21; 14.2843; 5.26334; 79.8717; 14.1132; 5.44274; 14.0507; 5.19058; 5978; 787
6765; 22; 13.3352; 4.99749; 70.4271; 13.1589; 5.18104; 13.0929; 4.93216; 5342; 1423
6765; 23; 10.6832; 5.13416; 46.4359; 10.3145; 5.10836; 0; 0; 6360; 405
6765; 24; 9.92008; 4.8294; 41.2584; 10.064; 5.1616; 0; 0; 5169; 1596
6765; 25; 10.2843; 4.50622; 44.4022; 9.85835; 4.55768; 10.3356; 4.76506; 5489; 1276
6765; 27; 14.2793; 5.91915; 94.4218; 14.1962; 5.68209; 14.455; 5.72685; 6713; 52
6765; 28; 9.95267; 3.99495; 43.7298; 9.88332; 4.23645; 0; 0; 6028; 737
6765; 30; 11.5944; 4.742; 62.3056; 11.127; 4.92123; 0; 0; 6651; 114
6771; 1; 9.05158; 7.73445; 55.141; 8.76203; 7.99166; 0; 0; 1331; 5440
6771; 2; 9.46986; 8.00525; 58.2723; 9.30325; 7.61392; 9.21855; 8.12635; 1585; 5186
6771; 3; 9.74765; 7.26973; 54.3; 9.70713; 7.61298; 0; 0; 1621; 5150
6771; 4; 10.5016; 7.94035; 60.5437; 10.123; 7.60635; 0; 0; 1997; 4774
6771; 5; 11.2073; 7.67566; 61.3958; 11.0049; 7.47575; 0; 0; 2794; 3977
6771; 6; 10.5584; 7.38441; 57.1732; 10.5432; 7.64379; 10.1315; 7.35035; 2289; 4482
6771; 7; 11.2625; 7.00001; 59.7655; 11.3924; 7.23648; 11.1337; 7.21697; 2988; 3783
6771; 8; 10.4893; 6.52467; 54.7537; 10.4457; 7.00534; 0; 0; 2517; 4254
6771; 9; 10.0968; 5.60832; 54.4447; 10.3271; 6.05206; 0; 0; 2767; 4004
6771; 10; 9.26088; 5.18667; 43.9969; 8.76373; 5.10299; 0; 0; 6648; 123
6771; 11; 12.8586; 5.34893; 45.8546; 12.7055; 5.83009; 0; 0; 4559; 2212
6771; 12; 12.2537; 6.99719; 62.4514; 11.7657; 7.05849; 0; 0; 3368; 3403
6771; 13; 12.5568; 6.48168; 62.9906; 12.6545; 6.71168; 12.3974; 6.67053; 3569; 3202
6771; 14; 12.3722; 6.02685; 62.9701; 12.7216; 6.29265; 12.207; 6.2164; 3742; 3029
6771; 15; 11.7243; 6.36445; 57.8105; 11.88; 6.05506; 11.6623; 6.81793; 6680; 91
6771; 20; 13.8178; 5.10994; 73.5682; 13.5084; 4.80211; 13.6421; 5.30611; 5796; 975
6771; 21; 14.2821; 5.26249; 79.8717; 14.1113; 5.44106; 14.0488; 5.1889; 5978; 793
6771; 22; 13.3329; 4.99673; 70.427; 13.1573; 5.17948; 13.0913; 4.9306; 5342; 1429
6771; 23; 10.6964; 5.15433; 46.5246; 10.3139; 5.11022; 0; 0; 6360; 411
6771; 24; 9.91954; 4.83119; 41.258; 10.0636; 5.16359; 0; 0; 5169; 1602
6771; 25; 10.2838; 4.50801; 44.4016; 9.85739; 4.5595; 10.335; 4.76692; 5489; 1282
6771; 27; 14.2772; 5.91824; 94.4218; 14.1947; 5.67974; 14.4534; 5.7245; 6713; 58
6771; 28; 9.95242; 3.99791; 43.7338; 9.88377; 4.24007; 0; 0; 6028; 743
6771; 30; 11.646; 4.83734; 62.5438; 11.1541; 4.95984; 0; 0; 6651; 120
6776; 1; 9.05075; 7.73416; 55.138; 8.76203; 7.99166; 0; 0; 1331; 5445
6776; 2; 9.46907; 8.00499; 58.2702; 9.30142; 7.61338; 9.21853; 8.12629; 1585; 5191
6776; 3; 9.74587; 7.2693; 54.2993; 9.70883; 7.61007; 0; 0; 1621; 5155
6776; 4; 10.4995; 7.9399; 60.545; 10.1181; 7.60794; 0; 0; 1997; 4779
6776; 5; 11.2043; 7.67456; 61.3995; 11.0035; 7.47667; 0; 0; 2794; 3982
6776; 6; 10.5567; 7.38379; 57.173; 10.5482; 7.63975; 10.1265; 7.35193; 2289; 4487
6776; 7; 11.2604; 6.9988; 59.7655; 11.3791; 7.21818; 11.1204; 7.19867; 2988; 3788
6776; 8; 10.4879; 6.52438; 54.7541; 10.4435; 7.00471; 0; 0; 2517; 4259
6776; 9; 10.0956; 5.60827; 54.4447; 10.3269; 6.05197; 0; 0; 2767; 4009
6776; 10; 9.26081; 5.18644; 43.996; 8.76373; 5.10299; 0; 0; 6648; 128
6776; 11; 12.8542; 5.34555; 45.8505; 12.7021; 5.82742; 0; 0; 4559; 2217
6776; 12; 12.25; 6.99446; 62.4522; 11.7634; 7.05547; 0; 0; 3368; 3408
6776; 13; 12.5534; 6.4792; 62.9897; 12.6509; 6.7092; 12.3937; 6.66805; 3569; 3207
6776; 14; 12.3687; 6.02447; 62.969; 12.7182; 6.29019; 12.1995; 6.21291; 3742; 3034
6776; 15; 11.7218; 6.36266; 57.807; 11.8735; 6.04076; 11.6599; 6.81491; 6680; 96
6776; 20; 13.8126; 5.10568; 73.5681; 13.5036; 4.79817; 13.6367; 5.30077; 5796; 980
6776; 21; 14.2769; 5.25821; 79.8717; 14.106; 5.43689; 14.0435; 5.18474; 5978; 798
6776; 22; 13.3277; 4.99251; 70.4269; 13.1622; 5.16902; 13.0962; 4.92014; 5342; 1434
6776; 23; 10.6936; 5.15232; 46.5142; 10.3166; 5.11967; 0; 0; 6360; 416
6776; 24; 9.9186; 4.83095; 41.2588; 10.0584; 5.16091; 0; 0; 5169; 1607
6776; 25; 10.2829; 4.50778; 44.4026; 9.86034; 4.56121; 10.3377; 4.77638; 5489; 1287
6776; 27; 14.272; 5.91389; 94.4218; 14.1893; 5.67552; 14.4481; 5.72029; 6713; 63
6776; 28; 9.95375; 4.00667; 43.7707; 9.89228; 4.24888; 0; 0; 6028; 748
6776; 30; 11.6413; 4.83338; 62.5444; 11.1513; 4.95683; 0; 0; 6651; 125
6777; 1; 9.05041; 7.7345; 55.1369; 8.76203; 7.99166; 0; 0; 1331; 5446
6777; 2; 9.46875; 8.00527; 58.2695; 9.30053; 7.6141; 9.2185; 8.12644; 1585; 5192
6777; 3; 9.74495; 7.2701; 54.298; 9.70433; 7.61338; 0; 0; 1621; 5156
6777; 4; 10.4985; 7.94099; 60.5467; 10.1199; 7.60665; 0; 0; 1997; 4780
6777; 5; 11.2025; 7.67516; 61.4032; 11.0011; 7.4762; 0; 0; 2794; 3983
6777; 6; 10.5561; 7.38465; 57.1731; 10.5397; 7.64447; 10.1283; 7.35064; 2289; 4488
6777; 7; 11.2593; 6.99945; 59.7655; 11.3881; 7.23459; 11.1295; 7.21508; 2988; 3789
6777; 8; 10.488; 6.52634; 54.755; 10.4429; 7.00623; 0; 0; 2517; 4260
6777; 9; 10.0963; 5.61139; 54.444; 10.3267; 6.05414; 0; 0; 2767; 4010
6777; 10; 9.26071; 5.18945; 44.0076; 8.76373; 5.10299; 0; 0; 6648; 129
6777; 11; 12.8516; 5.34533; 45.8465; 12.7004; 5.82767; 0; 0; 4559; 2218
6777; 12; 12.2487; 6.9949; 62.4512; 11.7614; 7.05662; 0; 0; 3368; 3409
6777; 13; 12.5517; 6.47947; 62.9896; 12.6493; 6.70945; 12.3922; 6.6683; 3569; 3208
6777; 14; 12.3671; 6.02478; 62.9688; 12.7165; 6.29054; 12.2019; 6.21445; 3742; 3035
6777; 15; 11.7204; 6.36311; 57.8063; 11.8698; 6.04106; 11.6579; 6.81606; 6680; 97
6777; 20; 13.8091; 5.10486; 73.5677; 13.4987; 4.7973; 13.6318; 5.2999; 5796; 981
6777; 21; 14.2735; 5.25734; 79.8716; 14.1051; 5.43312; 14.0427; 5.18097; 5978; 799
6777; 22; 13.3241; 4.99176; 70.4268; 13.1466; 5.17453; 13.0806; 4.92566; 5342; 1435
6777; 23; 10.694; 5.15542; 46.5109; 10.3134; 5.11369; 0; 0; 6360; 417
6777; 24; 9.91905; 4.83605; 41.255; 10.0626; 5.16701; 0; 0; 5169; 1608
6777; 25; 10.2833; 4.5128; 44.3977; 9.86112; 4.56616; 10.3345; 4.77039; 5489; 1288
6777; 27; 14.2687; 5.91294; 94.4218; 14.1857; 5.67447; 14.4445; 5.71923; 6713; 64
6777; 28; 9.95253; 4.00489; 43.7388; 9.89258; 4.25319; 0; 0; 6028; 749
6777; 30; 11.6416; 4.83682; 62.5487; 11.1496; 4.95803; 0; 0; 6651; 126
6780; 1; 9.05042; 7.73477; 55.1371; 8.76203; 7.99166; 0; 0; 1331; 5449
6780; 2; 9.46877; 8.0055; 58.2696; 9.30086; 7.61396; 9.21848; 8.12654; 1585; 5195
6780; 3; 9.74424; 7.27119; 54.2944; 9.70829; 7.61077; 0; 0; 1621; 5159
6780; 4; 10.4977; 7.94238; 60.551; 10.1174; 7.60903; 0; 0; 1997; 4783
6780; 5; 11.1994; 7.67673; 61.415; 11.0025; 7.47837; 0; 0; 2794; 3986
6780; 6; 10.556; 7.38505; 57.1739; 10.5475; 7.64121; 10.1259; 7.35302; 2289; 4491
6780; 7; 11.2591; 7.00176; 59.7655; 11.3781; 7.22092; 11.1195; 7.20142; 2988; 3792
6780; 8; 10.4879; 6.52592; 54.7549; 10.4429; 7.00583; 0; 0; 2517; 4263
6780; 9; 10.0959; 5.61055; 54.4437; 10.3265; 6.05312; 0; 0; 2767; 4013
6780; 10; 9.26072; 5.18867; 44.0046; 8.76373; 5.10299; 0; 0; 6648; 132
6780; 11; 12.8557; 5.35097; 45.865; 12.7; 5.83177; 0; 0; 4559; 2221
6780; 12; 12.2485; 6.99809; 62.4542; 11.7621; 7.05842; 0; 0; 3368; 3412
6780; 13; 12.5513; 6.48354; 62.9898; 12.6491; 6.71345; 12.392; 6.6723; 3569; 3211
6780; 14; 12.3665; 6.02886; 62.9688; 12.7162; 6.2946; 12.2015; 6.21846; 3742; 3038
6780; 15; 11.7194; 6.36649; 57.8028; 11.8744; 6.05738; 11.6586; 6.81786; 6680; 100
6780; 20; 13.8178; 5.11207; 73.5677; 13.5087; 4.80462; 13.6419; 5.30709; 5796; 984
6780; 21; 14.2822; 5.26455; 79.8716; 14.1116; 5.44359; 14.0492; 5.19143; 5978; 802
6780; 22; 13.3328; 4.99895; 70.4268; 13.1673; 5.17552; 13.1013; 4.92664; 5342; 1438
6780; 23; 10.6928; 5.15361; 46.5073; 10.3137; 5.12146; 0; 0; 6360; 420
6780; 24; 9.91831; 4.83454; 41.2564; 10.0617; 5.17381; 0; 0; 5169; 1611
6780; 25; 10.2826; 4.51134; 44.3994; 9.86218; 4.56734; 10.3349; 4.77817; 5489; 1291
6780; 27; 14.2774; 5.92015; 94.4218; 14.1951; 5.68214; 14.4538; 5.7269; 6713; 67
6780; 28; 9.95195; 4.00599; 43.7509; 9.89445; 4.25514; 0; 0; 6028; 752
6780; 30; 11.6393; 4.83252; 62.5418; 11.1487; 4.95592; 0; 0; 6651; 129
6794; 1; 9.05145; 7.73314; 55.14; 8.76203; 7.99166; 0; 0; 1331; 5463
6794; 2; 9.46972; 8.00414; 58.2716; 9.30264; 7.61245; 9.2186; 8.12584; 1585; 5209
6794; 3; 9.74643; 7.26813; 54.2954; 9.71001; 7.60892; 0; 0; 1621; 5173
6794; 4; 10.5001; 7.93824; 60.5497; 10.1194; 7.60613; 0; 0; 1997; 4797
6794; 5; 11.2024; 7.67136; 61.4187; 11.0049; 7.4743; 0; 0; 2794; 4000
6794; 6; 10.5583; 7.38115; 57.1726; 10.5497; 7.6373; 10.1279; 7.35012; 2289; 4505
6794; 7; 11.2621; 6.99731; 59.7655; 11.382; 7.2157; 11.1234; 7.1962; 2988; 3806
6794; 8; 10.4879; 6.52013; 54.7557; 10.445; 7.00214; 0; 0; 2517; 4277
6794; 9; 10.0955; 5.60158; 54.4404; 10.3275; 6.04686; 0; 0; 2767; 4027
6794; 10; 9.26087; 5.18124; 43.9759; 8.76373; 5.10299; 0; 0; 6648; 146
6794; 11; 12.8481; 5.34244; 45.8225; 12.7026; 5.82755; 0; 0; 4559; 2235
6794; 12; 12.2514; 6.99496; 62.4531; 11.7658; 7.0539; 0; 0; 3368; 3426
6794; 13; 12.5543; 6.47934; 62.9921; 12.6523; 6.70983